52.94023868467359
52.94023868467359
52.94023868467359
52.94023868467359
52.94023868467359
52.94023868467359
52.94023868467359
52.94023868467359
52.94023868467359
52.94023868467359
52.94023868467359
52.94023868467359
52.94023868467359
52.94023868467359
52.94023868467359
52.94023868467359
52.94023868467359
52.94023868467359
52.94023868467359
52.94023868467359
52.94023868467359
52.94023868467359
52.94023868467359
52.94023868467359
52.94023868467359
52.94023868467359
52.94023868467359
52.94023868467359
52.94023868467359
52.94023868467359
52.94023868467359
52.94023868467359
52.94023868467359
52.94023868467359
52.94023868467359
52.94023868467359
52.94023868467359
52.94023868467359
52.94023868467359
52.94023868467359
52.94023868467359
52.94023868467359
52.94023868467359
52.94023868467359
52.94023868467359
52.94023868467359
52.94023868467359
52.94023868467359
52.94023868467359
52.94023868467359
52.94023868467359
52.94023868467359
52.94023868467359
98.32203265244797
98.32606105614491
98.32606105614491
98.32606105614491
98.32606105614491
98.32606105614491
98.32606105614491
98.32606105614491
98.32606105614491
98.32606105614491
98.32606105614491
98.32606105614491
98.32606105614491
98.32606105614491
98.32606105614491
98.32606105614491
98.32606105614491
98.32606105614491
99.66402521541707
100.0
100.0
100.0
100.0
100.0
100.0
100.0
100.0
100.0
100.0
100.0
100.0
100.0
100.0
100.0
100.0
100.0
100.0
100.0
100.0
100.0
100.0
100.0
100.0
100.0
100.0
100.0
100.0
100.0
100.0
100.0
100.0
100.0
100.0
100.0
100.0
100.0
100.0
100.0
100.0
100.0
100.0
100.0
100.0
100.0
100.0
100.0
100.0
100.0
100.0
100.0
100.0
100.0
100.0
100.0
100.0
100.0
100.0
100.0
100.0
100.0
100.0
100.0
100.0
100.0
100.0
100.0
100.0
100.0
100.0
100.0
100.0
100.0
100.0
100.0
100.0
100.0
100.0
100.0
100.0
100.0
100.0
100.0
100.0
100.0
100.0
100.0
100.0
100.0
100.0
100.0
100.0
100.0
100.0
100.0
100.0
100.0
100.0
100.0
100.0
100.0
100.0
100.0
100.0
100.0
100.0
100.0
100.0
100.0
100.0
100.0
100.0
100.0
100.0
100.0
100.0
100.0
100.0
100.0
100.0
100.0
100.0
100.0
100.0
100.0
100.0
100.0
100.0
100.0
100.0
100.0
100.0
100.0
100.0
100.0
100.0
100.0
100.0
100.0
100.0
100.0
100.0
100.0
100.0
100.0
100.0
100.0
100.0
100.0
100.0
100.0
100.0
100.0
100.0
100.0
100.0
100.0
100.0
100.0
100.0
100.0
100.0
100.0
100.0
100.0
100.0
100.0
100.0
100.0
100.0
100.0
100.0
100.0
100.0
100.0
100.0
100.0
100.0
100.0
100.0
100.0
100.0
100.0
100.0
100.0
100.0
100.0
100.0
100.0
100.0
100.0
100.0
100.0
100.0
100.0

