50.520893989151205
50.520893989151205
50.520893989151205
50.520893989151205
50.520893989151205
50.520893989151205
50.520893989151205
50.520893989151205
50.520893989151205
50.520893989151205
50.520893989151205
50.520893989151205
50.520893989151205
50.520893989151205
50.520893989151205
50.520893989151205
50.520893989151205
50.520893989151205
50.520893989151205
50.520893989151205
50.520893989151205
50.520893989151205
50.520893989151205
50.520893989151205
50.520893989151205
50.520893989151205
50.520893989151205
50.520893989151205
50.520893989151205
50.520893989151205
50.520893989151205
50.520893989151205
50.520893989151205
50.520893989151205
50.520893989151205
98.52225899865685
98.538857943467
98.538857943467
98.538857943467
98.538857943467
98.538857943467
98.538857943467
98.538857943467
98.538857943467
98.538857943467
98.538857943467
98.538857943467
98.538857943467
98.538857943467
98.538857943467
98.538857943467
98.538857943467
98.538857943467
99.24162288174865
99.24565128544558
99.24565128544558
99.24565128544558
99.24565128544558
99.24565128544558
99.24565128544558
99.24565128544558
99.24565128544558
99.24565128544558
99.24565128544558
99.24565128544558
99.24565128544558
99.24565128544558
99.24565128544558
99.24565128544558
99.24565128544558
99.24565128544558
99.66402521541707
100.0
100.0
100.0
100.0
100.0
100.0
100.0
100.0
100.0
100.0
100.0
100.0
100.0
100.0
100.0
100.0
100.0
100.0
100.0
100.0
100.0
100.0
100.0
100.0
100.0
100.0
100.0
100.0
100.0
100.0
100.0
100.0
100.0
100.0
100.0
100.0
100.0
100.0
100.0
100.0
100.0
100.0
100.0
100.0
100.0
100.0
100.0
100.0
100.0
100.0
100.0
100.0
100.0
100.0
100.0
100.0
100.0
100.0
100.0
100.0
100.0
100.0
100.0
100.0
100.0
100.0
100.0
100.0
100.0
100.0
100.0
100.0
100.0
100.0
100.0
100.0
100.0
100.0
100.0
100.0
100.0
100.0
100.0
100.0
100.0
100.0
100.0
100.0
100.0
100.0
100.0
100.0
100.0
100.0
100.0
100.0
100.0
100.0
100.0
100.0
100.0
100.0
100.0
100.0
100.0
100.0
100.0
100.0
100.0
100.0
100.0
100.0
100.0
100.0
100.0
100.0
100.0
100.0
100.0
100.0
100.0
100.0
100.0
100.0
100.0
100.0
100.0
100.0
100.0
100.0
100.0
100.0
100.0
100.0
100.0
100.0
100.0
100.0
100.0
100.0
100.0
100.0
100.0
100.0
100.0
100.0
100.0
100.0
100.0
100.0
100.0
100.0
100.0
100.0
100.0
100.0
100.0
100.0
100.0
100.0
100.0
100.0
100.0
100.0
100.0
100.0
100.0
100.0
100.0
100.0
100.0
100.0
100.0
100.0
100.0
100.0
100.0
100.0
100.0
100.0
100.0
100.0
100.0
100.0
100.0
100.0
100.0
100.0
100.0
100.0
100.0
100.0
100.0
100.0
100.0

