51.79876061396429
51.79876061396429
51.79876061396429
51.79876061396429
51.79876061396429
51.79876061396429
51.79876061396429
51.79876061396429
51.79876061396429
51.79876061396429
51.79876061396429
51.79876061396429
51.79876061396429
51.79876061396429
51.79876061396429
51.79876061396429
51.79876061396429
51.79876061396429
51.79876061396429
51.79876061396429
51.79876061396429
51.79876061396429
51.79876061396429
51.79876061396429
51.79876061396429
51.79876061396429
51.79876061396429
51.79876061396429
51.79876061396429
51.79876061396429
51.79876061396429
51.79876061396429
51.79876061396429
51.79876061396429
51.79876061396429
98.82827289833794
98.84487184314807
98.84487184314807
98.84487184314807
98.84487184314807
98.84487184314807
98.84487184314807
98.84487184314807
98.84487184314807
98.84487184314807
98.84487184314807
98.84487184314807
98.84487184314807
98.84487184314807
98.84487184314807
98.84487184314807
98.84487184314807
98.84487184314807
98.84487184314807
98.84487184314807
98.84487184314807
98.84487184314807
98.84487184314807
98.84487184314807
98.84487184314807
98.84487184314807
98.84487184314807
98.84487184314807
98.84487184314807
98.84487184314807
98.84487184314807
98.84487184314807
98.84487184314807
98.84487184314807
98.84487184314807
98.84487184314807
99.65999681172013
100.0
100.0
100.0
100.0
100.0
100.0
100.0
100.0
100.0
100.0
100.0
100.0
100.0
100.0
100.0
100.0
100.0
100.0
100.0
100.0
100.0
100.0
100.0
100.0
100.0
100.0
100.0
100.0
100.0
100.0
100.0
100.0
100.0
100.0
100.0
100.0
100.0
100.0
100.0
100.0
100.0
100.0
100.0
100.0
100.0
100.0
100.0
100.0
100.0
100.0
100.0
100.0
100.0
100.0
100.0
100.0
100.0
100.0
100.0
100.0
100.0
100.0
100.0
100.0
100.0
100.0
100.0
100.0
100.0
100.0
100.0
100.0
100.0
100.0
100.0
100.0
100.0
100.0
100.0
100.0
100.0
100.0
100.0
100.0
100.0
100.0
100.0
100.0
100.0
100.0
100.0
100.0
100.0
100.0
100.0
100.0
100.0
100.0
100.0
100.0
100.0
100.0
100.0
100.0
100.0
100.0
100.0
100.0
100.0
100.0
100.0
100.0
100.0
100.0
100.0
100.0
100.0
100.0
100.0
100.0
100.0
100.0
100.0
100.0
100.0
100.0
100.0
100.0
100.0
100.0
100.0
100.0
100.0
100.0
100.0
100.0
100.0
100.0
100.0
100.0
100.0
100.0
100.0
100.0
100.0
100.0
100.0
100.0
100.0
100.0
100.0
100.0
100.0
100.0
100.0
100.0
100.0
100.0
100.0
100.0
100.0
100.0
100.0
100.0
100.0
100.0
100.0
100.0
100.0
100.0
100.0
100.0
100.0
100.0
100.0
100.0
100.0
100.0
100.0
100.0
100.0
100.0
100.0
100.0
100.0
100.0
100.0
100.0
100.0
100.0
100.0
100.0
100.0
100.0
100.0

