50.53067205730537
50.53067205730537
50.53067205730537
50.53067205730537
50.53067205730537
50.53067205730537
50.53067205730537
50.53067205730537
50.53067205730537
50.53067205730537
50.53067205730537
50.53067205730537
50.53067205730537
50.53067205730537
50.53067205730537
50.53067205730537
50.53067205730537
50.53067205730537
50.53067205730537
50.53067205730537
50.53067205730537
50.53067205730537
50.53067205730537
50.53067205730537
50.53067205730537
50.53067205730537
99.23480200509267
99.24565128544558
99.24565128544558
99.24565128544558
99.24565128544558
99.24565128544558
99.24565128544558
99.24565128544558
99.24565128544558
99.24565128544558
99.24565128544558
99.24565128544558
99.24565128544558
99.24565128544558
99.24565128544558
99.24565128544558
99.24565128544558
99.24565128544558
99.24565128544558
99.24565128544558
99.24565128544558
99.24565128544558
99.24565128544558
99.24565128544558
99.24565128544558
99.24565128544558
99.24565128544558
99.24565128544558
99.24565128544558
99.24565128544558
99.24565128544558
99.24565128544558
99.24565128544558
99.24565128544558
99.24565128544558
99.24565128544558
99.24565128544558
99.24565128544558
99.24565128544558
99.24565128544558
99.24565128544558
99.24565128544558
99.24565128544558
99.24565128544558
99.24565128544558
99.66402521541707
100.0
100.0
100.0
100.0
100.0
100.0
100.0
100.0
100.0
100.0
100.0
100.0
100.0
100.0
100.0
100.0
100.0
100.0
100.0
100.0
100.0
100.0
100.0
100.0
100.0
100.0
100.0
100.0
100.0
100.0
100.0
100.0
100.0
100.0
100.0
100.0
100.0
100.0
100.0
100.0
100.0
100.0
100.0
100.0
100.0
100.0
100.0
100.0
100.0
100.0
100.0
100.0
100.0
100.0
100.0
100.0
100.0
100.0
100.0
100.0
100.0
100.0
100.0
100.0
100.0
100.0
100.0
100.0
100.0
100.0
100.0
100.0
100.0
100.0
100.0
100.0
100.0
100.0
100.0
100.0
100.0
100.0
100.0
100.0
100.0
100.0
100.0
100.0
100.0
100.0
100.0
100.0
100.0
100.0
100.0
100.0
100.0
100.0
100.0
100.0
100.0
100.0
100.0
100.0
100.0
100.0
100.0
100.0
100.0
100.0
100.0
100.0
100.0
100.0
100.0
100.0
100.0
100.0
100.0
100.0
100.0
100.0
100.0
100.0
100.0
100.0
100.0
100.0
100.0
100.0
100.0
100.0
100.0
100.0
100.0
100.0
100.0
100.0
100.0
100.0
100.0
100.0
100.0
100.0
100.0
100.0
100.0
100.0
100.0
100.0
100.0
100.0
100.0
100.0
100.0
100.0
100.0
100.0
100.0
100.0
100.0
100.0
100.0
100.0
100.0
100.0
100.0
100.0
100.0
100.0
100.0
100.0
100.0
100.0
100.0
100.0
100.0
100.0
100.0
100.0
100.0
100.0
100.0
100.0
100.0
100.0
100.0
100.0
100.0
100.0
100.0
100.0
100.0
100.0
100.0

