49.643397866909986
49.643397866909986
49.643397866909986
49.643397866909986
49.643397866909986
49.643397866909986
49.643397866909986
49.643397866909986
49.643397866909986
49.643397866909986
49.643397866909986
49.643397866909986
49.643397866909986
49.643397866909986
49.643397866909986
49.643397866909986
49.643397866909986
49.643397866909986
49.643397866909986
49.643397866909986
49.643397866909986
49.643397866909986
49.643397866909986
49.643397866909986
49.643397866909986
49.643397866909986
89.75259229483908
89.76237036299324
89.76237036299324
89.76237036299324
89.76237036299324
89.76237036299324
89.76237036299324
89.76237036299324
89.76237036299324
98.83805096649209
98.84487184314807
98.84487184314807
98.84487184314807
98.84487184314807
98.84487184314807
98.84487184314807
98.84487184314807
98.84487184314807
98.84487184314807
98.84487184314807
98.84487184314807
98.84487184314807
98.84487184314807
98.84487184314807
98.84487184314807
98.84487184314807
98.84487184314807
98.84487184314807
98.84487184314807
98.84487184314807
98.84487184314807
98.84487184314807
98.84487184314807
98.84487184314807
98.84487184314807
98.84487184314807
98.84487184314807
98.84487184314807
98.84487184314807
98.84487184314807
98.84487184314807
98.84487184314807
98.84487184314807
98.84487184314807
98.84487184314807
99.65999681172013
100.0
100.0
100.0
100.0
100.0
100.0
100.0
100.0
100.0
100.0
100.0
100.0
100.0
100.0
100.0
100.0
100.0
100.0
100.0
100.0
100.0
100.0
100.0
100.0
100.0
100.0
100.0
100.0
100.0
100.0
100.0
100.0
100.0
100.0
100.0
100.0
100.0
100.0
100.0
100.0
100.0
100.0
100.0
100.0
100.0
100.0
100.0
100.0
100.0
100.0
100.0
100.0
100.0
100.0
100.0
100.0
100.0
100.0
100.0
100.0
100.0
100.0
100.0
100.0
100.0
100.0
100.0
100.0
100.0
100.0
100.0
100.0
100.0
100.0
100.0
100.0
100.0
100.0
100.0
100.0
100.0
100.0
100.0
100.0
100.0
100.0
100.0
100.0
100.0
100.0
100.0
100.0
100.0
100.0
100.0
100.0
100.0
100.0
100.0
100.0
100.0
100.0
100.0
100.0
100.0
100.0
100.0
100.0
100.0
100.0
100.0
100.0
100.0
100.0
100.0
100.0
100.0
100.0
100.0
100.0
100.0
100.0
100.0
100.0
100.0
100.0
100.0
100.0
100.0
100.0
100.0
100.0
100.0
100.0
100.0
100.0
100.0
100.0
100.0
100.0
100.0
100.0
100.0
100.0
100.0
100.0
100.0
100.0
100.0
100.0
100.0
100.0
100.0
100.0
100.0
100.0
100.0
100.0
100.0
100.0
100.0
100.0
100.0
100.0
100.0
100.0
100.0
100.0
100.0
100.0
100.0
100.0
100.0
100.0
100.0
100.0
100.0
100.0
100.0
100.0
100.0
100.0
100.0
100.0
100.0
100.0
100.0
100.0
100.0
100.0
100.0
100.0
100.0
100.0
100.0

