48.38522676507747
48.38522676507747
48.38522676507747
48.38522676507747
48.38522676507747
48.38522676507747
48.38522676507747
48.38522676507747
48.38522676507747
48.38522676507747
48.38522676507747
48.38522676507747
48.38522676507747
48.38522676507747
48.38522676507747
48.38522676507747
48.38522676507747
48.38522676507747
48.38522676507747
48.38522676507747
48.38522676507747
48.38522676507747
48.38522676507747
48.38522676507747
48.38522676507747
48.38522676507747
65.81748353177477
66.38430125433581
66.38430125433581
66.38430125433581
66.38430125433581
66.38430125433581
66.38430125433581
66.38430125433581
66.38430125433581
95.15913548657633
95.55341065211205
95.55341065211205
95.55341065211205
95.55341065211205
95.55341065211205
95.55341065211205
95.55341065211205
95.55341065211205
95.55341065211205
95.55341065211205
95.55341065211205
95.55341065211205
95.55341065211205
95.55341065211205
95.55341065211205
95.55341065211205
95.55341065211205
98.95552521370979
99.25260342744555
99.25260342744555
99.25260342744555
99.25260342744555
99.25260342744555
99.25260342744555
99.25260342744555
99.25260342744555
99.25260342744555
99.25260342744555
99.25260342744555
99.25260342744555
99.25260342744555
99.25260342744555
99.25260342744555
99.25260342744555
99.25260342744555
99.64339786691
100.0
100.0
100.0
100.0
100.0
100.0
100.0
100.0
100.0
100.0
100.0
100.0
100.0
100.0
100.0
100.0
100.0
100.0
100.0
100.0
100.0
100.0
100.0
100.0
100.0
100.0
100.0
100.0
100.0
100.0
100.0
100.0
100.0
100.0
100.0
100.0
100.0
100.0
100.0
100.0
100.0
100.0
100.0
100.0
100.0
100.0
100.0
100.0
100.0
100.0
100.0
100.0
100.0
100.0
100.0
100.0
100.0
100.0
100.0
100.0
100.0
100.0
100.0
100.0
100.0
100.0
100.0
100.0
100.0
100.0
100.0
100.0
100.0
100.0
100.0
100.0
100.0
100.0
100.0
100.0
100.0
100.0
100.0
100.0
100.0
100.0
100.0
100.0
100.0
100.0
100.0
100.0
100.0
100.0
100.0
100.0
100.0
100.0
100.0
100.0
100.0
100.0
100.0
100.0
100.0
100.0
100.0
100.0
100.0
100.0
100.0
100.0
100.0
100.0
100.0
100.0
100.0
100.0
100.0
100.0
100.0
100.0
100.0
100.0
100.0
100.0
100.0
100.0
100.0
100.0
100.0
100.0
100.0
100.0
100.0
100.0
100.0
100.0
100.0
100.0
100.0
100.0
100.0
100.0
100.0
100.0
100.0
100.0
100.0
100.0
100.0
100.0
100.0
100.0
100.0
100.0
100.0
100.0
100.0
100.0
100.0
100.0
100.0
100.0
100.0
100.0
100.0
100.0
100.0
100.0
100.0
100.0
100.0
100.0
100.0
100.0
100.0
100.0
100.0
100.0
100.0
100.0
100.0
100.0
100.0
100.0
100.0
100.0
100.0
100.0
100.0
100.0
100.0
100.0
100.0

