49.023064277161524
49.023064277161524
49.023064277161524
49.023064277161524
49.023064277161524
49.023064277161524
49.023064277161524
49.023064277161524
49.023064277161524
49.023064277161524
49.023064277161524
49.023064277161524
49.023064277161524
49.023064277161524
49.023064277161524
49.023064277161524
49.023064277161524
49.023064277161524
49.023064277161524
49.023064277161524
49.023064277161524
49.023064277161524
49.023064277161524
49.023064277161524
49.023064277161524
49.023064277161524
81.94768212429928
82.52056599737362
82.52056599737362
82.52056599737362
82.52056599737362
82.52056599737362
82.52056599737362
82.52056599737362
82.52056599737362
98.11028679274432
98.42782166797114
98.42782166797114
98.42782166797114
98.42782166797114
98.42782166797114
98.42782166797114
98.42782166797114
98.42782166797114
98.42782166797114
98.42782166797114
98.42782166797114
98.42782166797114
98.42782166797114
98.42782166797114
98.42782166797114
98.42782166797114
98.42782166797114
98.96461368307887
99.05569122607696
99.05569122607696
99.05569122607696
99.05569122607696
99.05569122607696
99.05569122607696
99.05569122607696
99.05569122607696
99.05569122607696
99.05569122607696
99.05569122607696
99.05569122607696
99.05569122607696
99.05569122607696
99.05569122607696
99.05569122607696
99.05569122607696
99.59348744965287
100.0
100.0
100.0
100.0
100.0
100.0
100.0
100.0
100.0
100.0
100.0
100.0
100.0
100.0
100.0
100.0
100.0
100.0
100.0
100.0
100.0
100.0
100.0
100.0
100.0
100.0
100.0
100.0
100.0
100.0
100.0
100.0
100.0
100.0
100.0
100.0
100.0
100.0
100.0
100.0
100.0
100.0
100.0
100.0
100.0
100.0
100.0
100.0
100.0
100.0
100.0
100.0
100.0
100.0
100.0
100.0
100.0
100.0
100.0
100.0
100.0
100.0
100.0
100.0
100.0
100.0
100.0
100.0
100.0
100.0
100.0
100.0
100.0
100.0
100.0
100.0
100.0
100.0
100.0
100.0
100.0
100.0
100.0
100.0
100.0
100.0
100.0
100.0
100.0
100.0
100.0
100.0
100.0
100.0
100.0
100.0
100.0
100.0
100.0
100.0
100.0
100.0
100.0
100.0
100.0
100.0
100.0
100.0
100.0
100.0
100.0
100.0
100.0
100.0
100.0
100.0
100.0
100.0
100.0
100.0
100.0
100.0
100.0
100.0
100.0
100.0
100.0
100.0
100.0
100.0
100.0
100.0
100.0
100.0
100.0
100.0
100.0
100.0
100.0
100.0
100.0
100.0
100.0
100.0
100.0
100.0
100.0
100.0
100.0
100.0
100.0
100.0
100.0
100.0
100.0
100.0
100.0
100.0
100.0
100.0
100.0
100.0
100.0
100.0
100.0
100.0
100.0
100.0
100.0
100.0
100.0
100.0
100.0
100.0
100.0
100.0
100.0
100.0
100.0
100.0
100.0
100.0
100.0
100.0
100.0
100.0
100.0
100.0
100.0
100.0
100.0
100.0
100.0
100.0
100.0

