297.824
297.824
297.824
297.824
297.824
297.824
297.824
297.824
297.824
297.824
297.824
297.824
297.824
297.824
297.824
297.824
297.824
297.824
297.824
297.824
297.824
297.824
297.824
297.824
297.824
297.824
285.7665
285.7665
285.7665
285.7665
285.7665
285.7665
285.7665
285.7665
285.7665
267.0191
267.0191
267.0191
267.0191
267.0191
267.0191
267.0191
267.0191
267.0191
267.0191
267.0191
267.0191
267.0191
267.0191
267.0191
267.0191
267.0191
267.0191
267.0191
267.0191
267.0191
267.0191
267.0191
267.0191
267.0191
267.0191
267.0191
267.0191
267.0191
267.0191
267.0191
267.0191
267.0191
267.0191
267.0191
267.0191
267.0191
267.0191
267.0191
267.0191
267.0191
267.0191
267.0191
267.0191
267.0191
267.0191
267.0191
267.0191
267.0191
267.0191
267.0191
267.0191
267.0191
267.0191
267.0191
267.0191
267.0191
267.0191
267.0191
267.0191
267.0191
267.0191
267.0191
267.0191
227.3935
227.3935
227.3935
227.3935
227.3935
227.3935
227.3935
227.3935
227.3935
227.3935
227.3935
227.3935
227.3935
227.3935
227.3935
227.3935
227.3935
227.3935
227.3935
227.3935
227.3935
227.3935
227.3935
227.3935
227.3935
227.3935
227.3935
227.3935
227.3935
227.3935
227.3935
227.3935
227.3935
227.3935
152.846
152.846
152.846
152.846
152.846
152.846
152.846
152.846
152.846
152.846
152.846
152.846
152.846
152.846
152.846
152.846
152.846
152.846
152.846
152.846
152.846
152.846
152.846
152.846
152.846
152.846
152.846
152.846
152.846
152.846
152.846
152.846
152.846
152.846
152.846
152.846
152.846
152.846
152.846
152.846
152.846
152.846
152.846
152.846
152.846
152.846
152.846
152.846
152.846
152.846
152.846
152.846
152.846
152.846
152.846
152.846
152.846
152.846
152.846
152.846
152.846
152.846
152.846
152.846
152.846
152.846
141.3598
141.3598
141.3598
141.3598
141.3598
141.3598
141.3598
141.3598
141.3598
141.3598
141.3598
141.3598
141.3598
141.3598
141.3598
141.3598
141.3598
141.3598
141.3598
141.3598
141.3598
141.3598
141.3598
141.3598
141.3598
141.3598
141.3598
141.3598
141.3598
141.3598
141.3598
141.3598
141.3598
141.3598
141.3598
141.3598
141.3598
141.3598
141.3598
141.3598
141.3598
141.3598
141.3598
141.3598
141.3598
141.3598
141.3598
141.3598
141.3598
141.3598
141.3598
141.3598
141.3598
141.3598
141.3598
141.3598
141.3598
141.3598
141.3598
141.3598
141.3598
141.3598
141.3598
141.3598
141.3598
141.3598
141.3598
91.5855

