48.38522676507747
48.38522676507747
48.38522676507747
48.38522676507747
48.38522676507747
48.38522676507747
48.38522676507747
48.38522676507747
48.38522676507747
48.38522676507747
48.38522676507747
48.38522676507747
48.38522676507747
48.38522676507747
48.38522676507747
48.38522676507747
48.38522676507747
48.38522676507747
48.38522676507747
48.38522676507747
48.38522676507747
48.38522676507747
48.38522676507747
48.38522676507747
48.38522676507747
48.38522676507747
49.99566501420296
50.2224294074791
50.2224294074791
50.2224294074791
50.2224294074791
50.2224294074791
50.2224294074791
50.2224294074791
50.2224294074791
53.18470138423969
53.37105918391991
53.37105918391991
53.37105918391991
53.37105918391991
53.37105918391991
53.37105918391991
53.37105918391991
53.37105918391991
53.37105918391991
53.37105918391991
53.37105918391991
53.37105918391991
53.37105918391991
53.37105918391991
53.37105918391991
53.37105918391991
53.37105918391991
53.37105918391991
53.37105918391991
53.37105918391991
53.37105918391991
53.37105918391991
53.37105918391991
53.37105918391991
53.37105918391991
53.37105918391991
53.37105918391991
53.37105918391991
53.37105918391991
53.37105918391991
53.37105918391991
53.37105918391991
53.37105918391991
53.37105918391991
53.37105918391991
53.37105918391991
53.37105918391991
53.37105918391991
53.37105918391991
53.37105918391991
53.37105918391991
53.37105918391991
53.37105918391991
53.37105918391991
53.37105918391991
53.37105918391991
53.37105918391991
53.37105918391991
53.37105918391991
53.37105918391991
53.37105918391991
53.37105918391991
53.37105918391991
53.37105918391991
53.37105918391991
53.37105918391991
53.37105918391991
53.37105918391991
53.37105918391991
53.37105918391991
53.37105918391991
53.37105918391991
53.37105918391991
88.50341113091878
88.8899372043129
88.8899372043129
88.8899372043129
88.8899372043129
88.8899372043129
88.8899372043129
88.8899372043129
88.8899372043129
88.8899372043129
88.8899372043129
88.8899372043129
88.8899372043129
88.8899372043129
88.8899372043129
88.8899372043129
88.8899372043129
88.8899372043129
88.8899372043129
88.8899372043129
88.8899372043129
88.8899372043129
88.8899372043129
88.8899372043129
88.8899372043129
88.8899372043129
88.8899372043129
88.8899372043129
88.8899372043129
88.8899372043129
88.8899372043129
88.8899372043129
88.8899372043129
88.8899372043129
98.03112460213217
98.30552775269148
98.30552775269148
98.30552775269148
98.30552775269148
98.30552775269148
98.30552775269148
98.30552775269148
98.30552775269148
98.30552775269148
98.30552775269148
98.30552775269148
98.30552775269148
98.30552775269148
98.30552775269148
98.30552775269148
98.30552775269148
98.30552775269148
98.30552775269148
98.30552775269148
98.30552775269148
98.30552775269148
98.30552775269148
98.30552775269148
98.30552775269148
98.30552775269148
98.30552775269148
98.30552775269148
98.30552775269148
98.30552775269148
98.30552775269148
98.30552775269148
98.30552775269148
98.30552775269148
98.30552775269148
98.30552775269148
98.30552775269148
98.30552775269148
98.30552775269148
98.30552775269148
98.30552775269148
98.30552775269148
98.30552775269148
98.30552775269148
98.30552775269148
98.30552775269148
98.30552775269148
98.30552775269148
98.30552775269148
98.30552775269148
98.30552775269148
98.30552775269148
98.30552775269148
98.30552775269148
98.30552775269148
98.30552775269148
98.30552775269148
98.30552775269148
98.30552775269148
98.30552775269148
98.30552775269148
98.30552775269148
98.30552775269148
98.30552775269148
98.30552775269148
98.30552775269148
98.58043401862048
98.62356574328798
98.62356574328798
98.62356574328798
98.62356574328798
98.62356574328798
98.62356574328798
98.62356574328798
98.62356574328798
98.62356574328798
98.62356574328798
98.62356574328798
98.62356574328798
98.62356574328798
98.62356574328798
98.62356574328798
98.62356574328798
98.62356574328798
98.62356574328798
98.62356574328798
98.62356574328798
98.62356574328798
98.62356574328798
98.62356574328798
98.62356574328798
98.62356574328798
98.62356574328798
98.62356574328798
98.62356574328798
98.62356574328798
98.62356574328798
98.62356574328798
98.62356574328798
98.62356574328798
98.62356574328798
98.62356574328798
98.62356574328798
98.62356574328798
98.62356574328798
98.62356574328798
98.62356574328798
98.62356574328798
98.62356574328798
98.62356574328798
98.62356574328798
98.62356574328798
98.62356574328798
98.62356574328798
98.62356574328798
98.62356574328798
98.62356574328798
98.62356574328798
98.62356574328798
98.62356574328798
98.62356574328798
98.62356574328798
98.62356574328798
98.62356574328798
98.62356574328798
98.62356574328798
98.62356574328798
98.62356574328798
98.62356574328798
98.62356574328798
98.62356574328798
98.62356574328798
98.62356574328798
99.50240990665478

