297.824
297.824
297.824
297.824
297.824
297.824
297.824
297.824
297.824
297.824
297.824
297.824
297.824
297.824
297.824
297.824
297.824
297.824
297.824
297.824
297.824
297.824
297.824
297.824
297.824
297.824
297.824
297.824
297.824
297.824
297.824
297.824
297.824
297.824
297.824
297.824
297.824
297.824
297.824
297.824
297.824
297.824
297.824
297.824
297.824
297.824
297.824
297.824
297.824
297.824
297.824
297.824
297.824
297.824
297.824
297.824
297.824
297.824
297.824
297.824
297.824
297.824
297.824
297.824
297.824
297.824
297.824
297.824
297.824
297.824
297.824
297.824
297.824
297.824
297.824
297.824
297.824
297.824
297.824
297.824
297.824
297.824
297.824
297.824
297.824
297.824
297.824
297.824
297.824
297.824
297.824
297.824
297.824
297.824
297.824
297.824
297.824
297.824
297.824
285.7665
285.7665
285.7665
285.7665
285.7665
285.7665
285.7665
285.7665
285.7665
285.7665
285.7665
285.7665
285.7665
285.7665
285.7665
285.7665
285.7665
285.7665
285.7665
285.7665
285.7665
285.7665
285.7665
285.7665
285.7665
285.7665
285.7665
285.7665
285.7665
285.7665
285.7665
285.7665
285.7665
285.7665
136.0921
136.0921
136.0921
136.0921
136.0921
136.0921
136.0921
136.0921
136.0921
136.0921
136.0921
136.0921
136.0921
136.0921
136.0921
136.0921
136.0921
136.0921
136.0921
136.0921
136.0921
136.0921
136.0921
136.0921
136.0921
136.0921
136.0921
136.0921
136.0921
136.0921
136.0921
136.0921
136.0921
136.0921
136.0921
136.0921
136.0921
136.0921
136.0921
136.0921
136.0921
136.0921
136.0921
136.0921
136.0921
136.0921
136.0921
136.0921
136.0921
136.0921
136.0921
136.0921
136.0921
136.0921
136.0921
136.0921
136.0921
136.0921
136.0921
136.0921
136.0921
136.0921
136.0921
136.0921
136.0921
136.0921
126.5398
126.5398
126.5398
126.5398
126.5398
126.5398
126.5398
126.5398
126.5398
126.5398
126.5398
126.5398
126.5398
126.5398
126.5398
126.5398
126.5398
126.5398
126.5398
126.5398
126.5398
126.5398
126.5398
126.5398
126.5398
126.5398
126.5398
126.5398
126.5398
126.5398
126.5398
126.5398
126.5398
126.5398
126.5398
126.5398
126.5398
126.5398
126.5398
126.5398
126.5398
126.5398
126.5398
126.5398
126.5398
126.5398
126.5398
126.5398
126.5398
126.5398
126.5398
126.5398
126.5398
126.5398
126.5398
126.5398
126.5398
126.5398
126.5398
126.5398
126.5398
126.5398
126.5398
126.5398
126.5398
126.5398
126.5398
91.5855

