48.38522676507747
48.38522676507747
48.38522676507747
48.38522676507747
48.38522676507747
48.38522676507747
48.38522676507747
48.38522676507747
48.38522676507747
48.38522676507747
48.38522676507747
48.38522676507747
48.38522676507747
48.38522676507747
48.38522676507747
48.38522676507747
48.38522676507747
48.38522676507747
48.38522676507747
48.38522676507747
48.38522676507747
48.38522676507747
48.38522676507747
48.38522676507747
48.38522676507747
48.38522676507747
48.38522676507747
48.38522676507747
48.38522676507747
48.38522676507747
48.38522676507747
48.38522676507747
48.38522676507747
48.38522676507747
48.38522676507747
48.38522676507747
48.38522676507747
48.38522676507747
48.38522676507747
48.38522676507747
48.38522676507747
48.38522676507747
48.38522676507747
48.38522676507747
48.38522676507747
48.38522676507747
48.38522676507747
48.38522676507747
48.38522676507747
48.38522676507747
48.38522676507747
48.38522676507747
48.38522676507747
48.38522676507747
48.38522676507747
48.38522676507747
48.38522676507747
48.38522676507747
48.38522676507747
48.38522676507747
48.38522676507747
48.38522676507747
48.38522676507747
48.38522676507747
48.38522676507747
48.38522676507747
48.38522676507747
48.38522676507747
48.38522676507747
48.38522676507747
48.38522676507747
48.38522676507747
48.38522676507747
48.38522676507747
48.38522676507747
48.38522676507747
48.38522676507747
48.38522676507747
48.38522676507747
48.38522676507747
48.38522676507747
48.38522676507747
48.38522676507747
48.38522676507747
48.38522676507747
48.38522676507747
48.38522676507747
48.38522676507747
48.38522676507747
48.38522676507747
48.38522676507747
48.38522676507747
48.38522676507747
48.38522676507747
48.38522676507747
48.38522676507747
48.38522676507747
48.38522676507747
48.38522676507747
49.99566501420296
50.2224294074791
50.2224294074791
50.2224294074791
50.2224294074791
50.2224294074791
50.2224294074791
50.2224294074791
50.2224294074791
50.2224294074791
50.2224294074791
50.2224294074791
50.2224294074791
50.2224294074791
50.2224294074791
50.2224294074791
50.2224294074791
50.2224294074791
50.2224294074791
50.2224294074791
50.2224294074791
50.2224294074791
50.2224294074791
50.2224294074791
50.2224294074791
50.2224294074791
50.2224294074791
50.2224294074791
50.2224294074791
50.2224294074791
50.2224294074791
50.2224294074791
50.2224294074791
50.2224294074791
97.83547263376124
98.76197078954175
98.76197078954175
98.76197078954175
98.76197078954175
98.76197078954175
98.76197078954175
98.76197078954175
98.76197078954175
98.76197078954175
98.76197078954175
98.76197078954175
98.76197078954175
98.76197078954175
98.76197078954175
98.76197078954175
98.76197078954175
98.76197078954175
98.76197078954175
98.76197078954175
98.76197078954175
98.76197078954175
98.76197078954175
98.76197078954175
98.76197078954175
98.76197078954175
98.76197078954175
98.76197078954175
98.76197078954175
98.76197078954175
98.76197078954175
98.76197078954175
98.76197078954175
98.76197078954175
98.76197078954175
98.76197078954175
98.76197078954175
98.76197078954175
98.76197078954175
98.76197078954175
98.76197078954175
98.76197078954175
98.76197078954175
98.76197078954175
98.76197078954175
98.76197078954175
98.76197078954175
98.76197078954175
98.76197078954175
98.76197078954175
98.76197078954175
98.76197078954175
98.76197078954175
98.76197078954175
98.76197078954175
98.76197078954175
98.76197078954175
98.76197078954175
98.76197078954175
98.76197078954175
98.76197078954175
98.76197078954175
98.76197078954175
98.76197078954175
98.76197078954175
98.76197078954175
98.91690677147481
98.94698447623648
98.94698447623648
98.94698447623648
98.94698447623648
98.94698447623648
98.94698447623648
98.94698447623648
98.94698447623648
98.94698447623648
98.94698447623648
98.94698447623648
98.94698447623648
98.94698447623648
98.94698447623648
98.94698447623648
98.94698447623648
98.94698447623648
98.94698447623648
98.94698447623648
98.94698447623648
98.94698447623648
98.94698447623648
98.94698447623648
98.94698447623648
98.94698447623648
98.94698447623648
98.94698447623648
98.94698447623648
98.94698447623648
98.94698447623648
98.94698447623648
98.94698447623648
98.94698447623648
98.94698447623648
98.94698447623648
98.94698447623648
98.94698447623648
98.94698447623648
98.94698447623648
98.94698447623648
98.94698447623648
98.94698447623648
98.94698447623648
98.94698447623648
98.94698447623648
98.94698447623648
98.94698447623648
98.94698447623648
98.94698447623648
98.94698447623648
98.94698447623648
98.94698447623648
98.94698447623648
98.94698447623648
98.94698447623648
98.94698447623648
98.94698447623648
98.94698447623648
98.94698447623648
98.94698447623648
98.94698447623648
98.94698447623648
98.94698447623648
98.94698447623648
98.94698447623648
98.94698447623648
99.56856701889578

