299.4521
299.4521
299.4521
299.4521
299.4521
299.4521
279.1784
279.1784
251.1662
251.1662
251.1662
251.1662
251.1662
246.204
246.204
246.204
246.204
242.6219
242.6219
242.6219
242.6219
242.6219
242.6219
242.6219
242.6219
242.6219
242.6219
242.6219
242.6219
242.6219
242.6219
242.6219
242.6219
242.6219
242.6219
242.6219
242.6219
242.6219
242.6219
242.6219
242.6219
242.6219
242.6219
242.6219
242.6219
242.6219
242.6219
242.6219
242.6219
242.6219
242.6219
242.6219
242.6219
242.6219
242.6219
242.6219
242.6219
242.6219
242.6219
242.6219
242.6219
242.6219
242.6219
242.6219
242.6219
242.6219
242.6219
242.6219
242.6219
242.6219
242.6219
242.6219
242.6219
242.6219
242.6219
242.6219
242.6219
242.6219
242.6219
242.6219
242.6219
242.6219
242.6219
242.6219
242.6219
242.6219
242.6219
242.6219
242.6219
242.6219
242.6219
242.6219
242.6219
242.6219
242.6219
242.6219
242.6219
242.6219
242.6219
182.2213
182.2213
182.2213
182.2213
182.2213
182.2213
182.2213
182.2213
182.2213
182.2213
182.2213
182.2213
182.2213
182.2213
182.2213
182.2213
182.2213
182.2213
182.2213
182.2213
182.2213
182.2213
182.2213
182.2213
182.2213
182.2213
182.2213
182.2213
182.2213
182.2213
182.2213
182.2213
182.2213
182.2213
106.8608
106.8608
106.8608
106.8608
106.8608
106.8608
106.8608
106.8608
106.8608
106.8608
106.8608
106.8608
106.8608
106.8608
106.8608
106.8608
106.8608
106.8608
106.8608
106.8608
106.8608
106.8608
106.8608
106.8608
106.8608
106.8608
106.8608
106.8608
106.8608
106.8608
106.8608
106.8608
106.8608
106.8608
106.8608
106.8608
106.8608
106.8608
106.8608
106.8608
106.8608
106.8608
106.8608
106.8608
106.8608
106.8608
106.8608
106.8608
106.8608
106.8608
106.8608
106.8608
106.8608
106.8608
106.8608
106.8608
106.8608
106.8608
106.8608
106.8608
106.8608
106.8608
106.8608
106.8608
106.8608
106.8608
101.918
101.918
101.918
101.918
101.918
101.918
101.918
101.918
101.918
101.918
101.918
101.918
101.918
101.918
101.918
101.918
101.918
101.918
101.918
101.918
101.918
101.918
101.918
101.918
101.918
101.918
101.918
101.918
101.918
101.918
101.918
101.918
101.918
101.918
101.918
101.918
101.918
101.918
101.918
101.918
101.918
101.918
101.918
101.918
101.918
101.918
101.918
101.918
101.918
101.918
101.918
101.918
101.918
101.918
101.918
101.918
101.918
101.918
101.918
101.918
101.918
101.918
101.918
101.918
101.918
101.918
101.918
91.5855

