49.45574385659094
49.45574385659094
49.45574385659094
49.45574385659094
49.45574385659094
49.45574385659094
51.26711863688651
51.394321381636324
63.10568548111374
63.29929131940689
63.29929131940689
63.29929131940689
63.29929131940689
70.34515250989074
70.4186190923835
70.4186190923835
70.4186190923835
75.95812163384205
76.01959076267555
76.01959076267555
76.01959076267555
76.01959076267555
76.01959076267555
76.01959076267555
76.01959076267555
76.01959076267555
76.01959076267555
76.01959076267555
76.01959076267555
76.01959076267555
76.01959076267555
76.01959076267555
76.01959076267555
76.01959076267555
76.01959076267555
76.01959076267555
76.01959076267555
76.01959076267555
76.01959076267555
76.01959076267555
76.01959076267555
76.01959076267555
76.01959076267555
76.01959076267555
76.01959076267555
76.01959076267555
76.01959076267555
76.01959076267555
76.01959076267555
76.01959076267555
76.01959076267555
76.01959076267555
76.01959076267555
76.01959076267555
76.01959076267555
76.01959076267555
76.01959076267555
76.01959076267555
76.01959076267555
76.01959076267555
76.01959076267555
76.01959076267555
76.01959076267555
76.01959076267555
76.01959076267555
76.01959076267555
76.01959076267555
76.01959076267555
76.01959076267555
76.01959076267555
76.01959076267555
76.01959076267555
76.01959076267555
76.01959076267555
76.01959076267555
76.01959076267555
76.01959076267555
76.01959076267555
76.01959076267555
76.01959076267555
76.01959076267555
76.01959076267555
76.01959076267555
76.01959076267555
76.01959076267555
76.01959076267555
76.01959076267555
76.01959076267555
76.01959076267555
76.01959076267555
76.01959076267555
76.01959076267555
76.01959076267555
76.01959076267555
76.01959076267555
76.01959076267555
76.01959076267555
76.01959076267555
76.01959076267555
97.02223881914051
97.15293935126692
97.15293935126692
97.15293935126692
97.15293935126692
97.15293935126692
97.15293935126692
97.15293935126692
97.15293935126692
97.15293935126692
97.15293935126692
97.15293935126692
97.15293935126692
97.15293935126692
97.15293935126692
97.15293935126692
97.15293935126692
97.15293935126692
97.15293935126692
97.15293935126692
97.15293935126692
97.15293935126692
97.15293935126692
97.15293935126692
97.15293935126692
97.15293935126692
97.15293935126692
97.15293935126692
97.15293935126692
97.15293935126692
97.15293935126692
97.15293935126692
97.15293935126692
97.15293935126692
99.13703508418912
99.24194363696502
99.24194363696502
99.24194363696502
99.24194363696502
99.24194363696502
99.24194363696502
99.24194363696502
99.24194363696502
99.24194363696502
99.24194363696502
99.24194363696502
99.24194363696502
99.24194363696502
99.24194363696502
99.24194363696502
99.24194363696502
99.24194363696502
99.24194363696502
99.24194363696502
99.24194363696502
99.24194363696502
99.24194363696502
99.24194363696502
99.24194363696502
99.24194363696502
99.24194363696502
99.24194363696502
99.24194363696502
99.24194363696502
99.24194363696502
99.24194363696502
99.24194363696502
99.24194363696502
99.24194363696502
99.24194363696502
99.24194363696502
99.24194363696502
99.24194363696502
99.24194363696502
99.24194363696502
99.24194363696502
99.24194363696502
99.24194363696502
99.24194363696502
99.24194363696502
99.24194363696502
99.24194363696502
99.24194363696502
99.24194363696502
99.24194363696502
99.24194363696502
99.24194363696502
99.24194363696502
99.24194363696502
99.24194363696502
99.24194363696502
99.24194363696502
99.24194363696502
99.24194363696502
99.24194363696502
99.24194363696502
99.24194363696502
99.24194363696502
99.24194363696502
99.24194363696502
99.27823667184423
99.28801473999837
99.28801473999837
99.28801473999837
99.28801473999837
99.28801473999837
99.28801473999837
99.28801473999837
99.28801473999837
99.28801473999837
99.28801473999837
99.28801473999837
99.28801473999837
99.28801473999837
99.28801473999837
99.28801473999837
99.28801473999837
99.28801473999837
99.28801473999837
99.28801473999837
99.28801473999837
99.28801473999837
99.28801473999837
99.28801473999837
99.28801473999837
99.28801473999837
99.28801473999837
99.28801473999837
99.28801473999837
99.28801473999837
99.28801473999837
99.28801473999837
99.28801473999837
99.28801473999837
99.28801473999837
99.28801473999837
99.28801473999837
99.28801473999837
99.28801473999837
99.28801473999837
99.28801473999837
99.28801473999837
99.28801473999837
99.28801473999837
99.28801473999837
99.28801473999837
99.28801473999837
99.28801473999837
99.28801473999837
99.28801473999837
99.28801473999837
99.28801473999837
99.28801473999837
99.28801473999837
99.28801473999837
99.28801473999837
99.28801473999837
99.28801473999837
99.28801473999837
99.28801473999837
99.28801473999837
99.28801473999837
99.28801473999837
99.28801473999837
99.28801473999837
99.28801473999837
99.28801473999837
99.65317593506416

