297.824
297.824
297.824
297.824
297.824
297.824
248.581
248.581
199.0566
199.0566
199.0566
199.0566
199.0566
126.5398
126.5398
126.5398
126.5398
91.5855
91.5855
91.5855
91.5855
91.5855
91.5855
91.5855
91.5855
91.5855
91.5855
91.5855
91.5855
91.5855
91.5855
91.5855
91.5855
91.5855
91.5855
91.5855
91.5855
91.5855
91.5855
91.5855
91.5855
91.5855
91.5855
91.5855
91.5855
91.5855
91.5855
91.5855
91.5855
91.5855
91.5855
91.5855
91.5855
91.5855
91.5855
91.5855
91.5855
91.5855
91.5855
91.5855
91.5855
91.5855
91.5855
91.5855
91.5855
91.5855
91.5855
91.5855
91.5855
91.5855
91.5855
91.5855
91.5855
91.5855
91.5855
91.5855
91.5855
91.5855
91.5855
91.5855
91.5855
91.5855
91.5855
91.5855
91.5855
91.5855
91.5855
91.5855
91.5855
91.5855
91.5855
91.5855
91.5855
91.5855
91.5855
91.5855
91.5855
91.5855
91.5855
91.5855
91.5855
91.5855
91.5855
91.5855
91.5855
91.5855
91.5855
91.5855
91.5855
91.5855
91.5855
91.5855
91.5855
91.5855
91.5855
91.5855
91.5855
91.5855
91.5855
91.5855
91.5855
91.5855
91.5855
91.5855
91.5855
91.5855
91.5855
91.5855
91.5855
91.5855
91.5855
91.5855
91.5855
91.5855
91.5855
91.5855
91.5855
91.5855
91.5855
91.5855
91.5855
91.5855
91.5855
91.5855
91.5855
91.5855
91.5855
91.5855
91.5855
91.5855
91.5855
91.5855
91.5855
91.5855
91.5855
91.5855
91.5855
91.5855
91.5855
91.5855
91.5855
91.5855
91.5855
91.5855
91.5855
91.5855
91.5855
91.5855
91.5855
91.5855
91.5855
91.5855
91.5855
91.5855
91.5855
91.5855
91.5855
91.5855
91.5855
91.5855
91.5855
91.5855
91.5855
91.5855
91.5855
91.5855
91.5855
91.5855
91.5855
91.5855
91.5855
91.5855
91.5855
91.5855
91.5855
91.5855
91.5855
91.5855
91.5855
91.5855
91.5855
91.5855
91.5855
91.5855
91.5855
91.5855
91.5855
91.5855
91.5855
91.5855
91.5855
91.5855
91.5855
91.5855
91.5855
91.5855
91.5855
91.5855
91.5855
91.5855
91.5855
91.5855
91.5855
91.5855
91.5855
91.5855
91.5855
91.5855
91.5855
91.5855
91.5855
91.5855
91.5855
91.5855
91.5855
91.5855
91.5855
91.5855
91.5855
91.5855
91.5855
91.5855
91.5855
91.5855
91.5855
91.5855
91.5855
91.5855
91.5855
91.5855
91.5855
91.5855
91.5855
91.5855
91.5855
91.5855
91.5855
91.5855
91.5855
91.5855
91.5855
91.5855
91.5855
91.5855
91.5855
91.5855
91.5855

