299.2744
299.2744
299.2744
299.2744
299.2744
299.2744
220.0558
220.0558
106.8608
106.8608
106.8608
106.8608
106.8608
101.918
101.918
101.918
101.918
91.5855
91.5855
91.5855
91.5855
91.5855
91.5855
91.5855
91.5855
91.5855
91.5855
91.5855
91.5855
91.5855
91.5855
91.5855
91.5855
91.5855
91.5855
91.5855
91.5855
91.5855
91.5855
91.5855
91.5855
91.5855
91.5855
91.5855
91.5855
91.5855
91.5855
91.5855
91.5855
91.5855
91.5855
91.5855
91.5855
91.5855
91.5855
91.5855
91.5855
91.5855
91.5855
91.5855
91.5855
91.5855
91.5855
91.5855
91.5855
91.5855
91.5855
91.5855
91.5855
91.5855
91.5855
91.5855
91.5855
91.5855
91.5855
91.5855
91.5855
91.5855
91.5855
91.5855
91.5855
91.5855
91.5855
91.5855
91.5855
91.5855
91.5855
91.5855
91.5855
91.5855
91.5855
91.5855
91.5855
91.5855
91.5855
91.5855
91.5855
91.5855
91.5855
91.5855
91.5855
91.5855
91.5855
91.5855
91.5855
91.5855
91.5855
91.5855
91.5855
91.5855
91.5855
91.5855
91.5855
91.5855
91.5855
91.5855
91.5855
91.5855
91.5855
91.5855
91.5855
91.5855
91.5855
91.5855
91.5855
91.5855
91.5855
91.5855
91.5855
91.5855
91.5855
91.5855
91.5855
91.5855
91.5855
91.5855
91.5855
91.5855
91.5855
91.5855
91.5855
91.5855
91.5855
91.5855
91.5855
91.5855
91.5855
91.5855
91.5855
91.5855
91.5855
91.5855
91.5855
91.5855
91.5855
91.5855
91.5855
91.5855
91.5855
91.5855
91.5855
91.5855
91.5855
91.5855
91.5855
91.5855
91.5855
91.5855
91.5855
91.5855
91.5855
91.5855
91.5855
91.5855
91.5855
91.5855
91.5855
91.5855
91.5855
91.5855
91.5855
91.5855
91.5855
91.5855
91.5855
91.5855
91.5855
91.5855
91.5855
91.5855
91.5855
91.5855
91.5855
91.5855
91.5855
91.5855
91.5855
91.5855
91.5855
91.5855
91.5855
91.5855
91.5855
91.5855
91.5855
91.5855
91.5855
91.5855
91.5855
91.5855
91.5855
91.5855
91.5855
91.5855
91.5855
91.5855
91.5855
91.5855
91.5855
91.5855
91.5855
91.5855
91.5855
91.5855
91.5855
91.5855
91.5855
91.5855
91.5855
91.5855
91.5855
91.5855
91.5855
91.5855
91.5855
91.5855
91.5855
91.5855
91.5855
91.5855
91.5855
91.5855
91.5855
91.5855
91.5855
91.5855
91.5855
91.5855
91.5855
91.5855
91.5855
91.5855
91.5855
91.5855
91.5855
91.5855
91.5855
91.5855
91.5855
91.5855
91.5855
91.5855
91.5855
91.5855
91.5855
91.5855
91.5855

