297.824
297.824
297.824
297.824
297.824
297.824
261.974
261.974
185.6263
185.6263
185.6263
185.6263
185.6263
159.0253
159.0253
159.0253
159.0253
120.2292
120.2292
120.2292
120.2292
120.2292
120.2292
120.2292
120.2292
120.2292
120.2292
120.2292
120.2292
120.2292
120.2292
120.2292
120.2292
120.2292
120.2292
120.2292
120.2292
120.2292
120.2292
120.2292
120.2292
120.2292
120.2292
120.2292
95.5448
95.5448
95.5448
95.5448
95.5448
95.5448
95.5448
95.5448
95.5448
95.5448
95.5448
95.5448
95.5448
95.5448
95.5448
95.5448
95.5448
95.5448
95.5448
95.5448
95.5448
95.5448
95.5448
95.5448
95.5448
95.5448
95.5448
95.5448
95.5448
95.5448
95.5448
95.5448
95.5448
95.5448
95.5448
95.5448
95.5448
95.5448
95.5448
95.5448
95.5448
95.5448
95.5448
95.5448
91.5855
91.5855
91.5855
91.5855
91.5855
91.5855
91.5855
91.5855
91.5855
91.5855
91.5855
91.5855
91.5855
91.5855
91.5855
91.5855
91.5855
91.5855
91.5855
91.5855
91.5855
91.5855
91.5855
91.5855
91.5855
91.5855
91.5855
91.5855
91.5855
91.5855
91.5855
91.5855
91.5855
91.5855
91.5855
91.5855
91.5855
91.5855
91.5855
91.5855
91.5855
91.5855
91.5855
91.5855
91.5855
91.5855
91.5855
91.5855
91.5855
91.5855
91.5855
91.5855
91.5855
91.5855
91.5855
91.5855
91.5855
91.5855
91.5855
91.5855
91.5855
91.5855
91.5855
91.5855
91.5855
91.5855
91.5855
91.5855
91.5855
91.5855
91.5855
91.5855
91.5855
91.5855
91.5855
91.5855
91.5855
91.5855
91.5855
91.5855
91.5855
91.5855
91.5855
91.5855
91.5855
91.5855
91.5855
91.5855
91.5855
91.5855
91.5855
91.5855
91.5855
91.5855
91.5855
91.5855
91.5855
91.5855
91.5855
91.5855
91.5855
91.5855
91.5855
91.5855
91.5855
91.5855
91.5855
91.5855
91.5855
91.5855
91.5855
91.5855
91.5855
91.5855
91.5855
91.5855
91.5855
91.5855
91.5855
91.5855
91.5855
91.5855
91.5855
91.5855
91.5855
91.5855
91.5855
91.5855
91.5855
91.5855
91.5855
91.5855
91.5855
91.5855
91.5855
91.5855
91.5855
91.5855
91.5855
91.5855
91.5855
91.5855
91.5855
91.5855
91.5855
91.5855
91.5855
91.5855
91.5855
91.5855
91.5855
91.5855
91.5855
91.5855
91.5855
91.5855
91.5855
91.5855
91.5855
91.5855
91.5855
91.5855
91.5855
91.5855
91.5855
91.5855
91.5855
91.5855
91.5855
91.5855
91.5855
91.5855
91.5855
91.5855
91.5855
91.5855
91.5855
91.5855
91.5855

