48.611991158353604
48.611991158353604
48.611991158353604
48.611991158353604
48.611991158353604
48.611991158353604
54.87001113710346
55.21006446638837
96.34264935643316
96.84988305078193
96.84988305078193
96.84988305078193
96.84988305078193
98.12131402271511
98.20052515486195
98.20052515486195
98.20052515486195
99.00069309055819
99.10560164333408
99.10560164333408
99.10560164333408
99.10560164333408
99.10560164333408
99.10560164333408
99.10560164333408
99.10560164333408
99.10560164333408
99.10560164333408
99.10560164333408
99.10560164333408
99.10560164333408
99.10560164333408
99.10560164333408
99.10560164333408
99.10560164333408
99.10560164333408
99.10560164333408
99.10560164333408
99.10560164333408
99.10560164333408
99.10560164333408
99.10560164333408
99.10560164333408
99.10560164333408
99.30549351158608
99.32612086009316
99.32612086009316
99.32612086009316
99.32612086009316
99.32612086009316
99.32612086009316
99.32612086009316
99.32612086009316
99.32612086009316
99.32612086009316
99.32612086009316
99.32612086009316
99.32612086009316
99.32612086009316
99.32612086009316
99.32612086009316
99.32612086009316
99.32612086009316
99.32612086009316
99.32612086009316
99.32612086009316
99.32612086009316
99.32612086009316
99.32612086009316
99.32612086009316
99.32612086009316
99.32612086009316
99.32612086009316
99.32612086009316
99.32612086009316
99.32612086009316
99.32612086009316
99.32612086009316
99.32612086009316
99.32612086009316
99.32612086009316
99.32612086009316
99.32612086009316
99.32612086009316
99.32612086009316
99.32612086009316
99.32612086009316
99.32612086009316
99.66402521541707
100.0
100.0
100.0
100.0
100.0
100.0
100.0
100.0
100.0
100.0
100.0
100.0
100.0
100.0
100.0
100.0
100.0
100.0
100.0
100.0
100.0
100.0
100.0
100.0
100.0
100.0
100.0
100.0
100.0
100.0
100.0
100.0
100.0
100.0
100.0
100.0
100.0
100.0
100.0
100.0
100.0
100.0
100.0
100.0
100.0
100.0
100.0
100.0
100.0
100.0
100.0
100.0
100.0
100.0
100.0
100.0
100.0
100.0
100.0
100.0
100.0
100.0
100.0
100.0
100.0
100.0
100.0
100.0
100.0
100.0
100.0
100.0
100.0
100.0
100.0
100.0
100.0
100.0
100.0
100.0
100.0
100.0
100.0
100.0
100.0
100.0
100.0
100.0
100.0
100.0
100.0
100.0
100.0
100.0
100.0
100.0
100.0
100.0
100.0
100.0
100.0
100.0
100.0
100.0
100.0
100.0
100.0
100.0
100.0
100.0
100.0
100.0
100.0
100.0
100.0
100.0
100.0
100.0
100.0
100.0
100.0
100.0
100.0
100.0
100.0
100.0
100.0
100.0
100.0
100.0
100.0
100.0
100.0
100.0
100.0
100.0
100.0
100.0
100.0
100.0
100.0
100.0
100.0
100.0
100.0
100.0
100.0
100.0
100.0
100.0
100.0
100.0
100.0
100.0
100.0
100.0
100.0
100.0
100.0
100.0
100.0
100.0
100.0
100.0
100.0
100.0
100.0
100.0
100.0
100.0
100.0
100.0
100.0
100.0
100.0
100.0
100.0
100.0

