298.3841
298.3841
298.3841
298.3841
298.3841
298.3841
298.3841
298.3841
298.3841
298.3841
298.3841
298.3841
298.3841
298.3841
298.3841
298.3841
298.3841
298.3841
298.3841
298.3841
298.3841
298.3841
298.3841
298.3841
298.3841
298.3841
298.3841
298.3841
298.3841
298.3841
298.3841
298.3841
298.3841
249.6522
249.6522
249.6522
249.6522
249.6522
249.6522
249.6522
249.6522
249.6522
249.6522
249.6522
141.3598
141.3598
141.3598
141.3598
141.3598
141.3598
141.3598
141.3598
141.3598
141.3598
141.3598
141.3598
141.3598
141.3598
141.3598
141.3598
141.3598
141.3598
141.3598
141.3598
141.3598
141.3598
106.6661
106.6661
106.6661
106.6661
106.6661
106.6661
106.6661
106.6661
106.6661
106.6661
106.6661
106.6661
106.6661
106.6661
106.6661
106.6661
106.6661
106.6661
106.6661
106.6661
106.6661
106.6661
91.5855
91.5855
91.5855
91.5855
91.5855
91.5855
91.5855
91.5855
91.5855
91.5855
91.5855
91.5855
91.5855
91.5855
91.5855
91.5855
91.5855
91.5855
91.5855
91.5855
91.5855
91.5855
91.5855
91.5855
91.5855
91.5855
91.5855
91.5855
91.5855
91.5855
91.5855
91.5855
91.5855
91.5855
91.5855
91.5855
91.5855
91.5855
91.5855
91.5855
91.5855
91.5855
91.5855
91.5855
91.5855
91.5855
91.5855
91.5855
91.5855
91.5855
91.5855
91.5855
91.5855
91.5855
91.5855
91.5855
91.5855
91.5855
91.5855
91.5855
91.5855
91.5855
91.5855
91.5855
91.5855
91.5855
91.5855
91.5855
91.5855
91.5855
91.5855
91.5855
91.5855
91.5855
91.5855
91.5855
91.5855
91.5855
91.5855
91.5855
91.5855
91.5855
91.5855
91.5855
91.5855
91.5855
91.5855
91.5855
91.5855
91.5855
91.5855
91.5855
91.5855
91.5855
91.5855
91.5855
91.5855
91.5855
91.5855
91.5855
91.5855
91.5855
91.5855
91.5855
91.5855
91.5855
91.5855
91.5855
91.5855
91.5855
91.5855
91.5855
91.5855
91.5855
91.5855
91.5855
91.5855
91.5855
91.5855
91.5855
91.5855
91.5855
91.5855
91.5855
91.5855
91.5855
91.5855
91.5855
91.5855
91.5855
91.5855
91.5855
91.5855
91.5855
91.5855
91.5855
91.5855
91.5855
91.5855
91.5855
91.5855
91.5855
91.5855
91.5855
91.5855
91.5855
91.5855
91.5855
91.5855
91.5855
91.5855
91.5855
91.5855
91.5855
91.5855
91.5855
91.5855
91.5855
91.5855
91.5855
91.5855
91.5855
91.5855
91.5855
91.5855
91.5855
91.5855
91.5855
91.5855
91.5855
91.5855
91.5855
91.5855
91.5855
91.5855
91.5855
91.5855
91.5855
91.5855

