49.701309220785724
49.701309220785724
49.701309220785724
49.701309220785724
49.701309220785724
49.701309220785724
49.701309220785724
49.701309220785724
49.701309220785724
49.701309220785724
49.701309220785724
49.701309220785724
49.701309220785724
49.701309220785724
49.701309220785724
49.701309220785724
49.701309220785724
49.701309220785724
49.701309220785724
49.701309220785724
49.701309220785724
49.701309220785724
49.701309220785724
49.701309220785724
49.701309220785724
49.701309220785724
49.701309220785724
49.701309220785724
49.701309220785724
49.701309220785724
49.701309220785724
49.701309220785724
49.701309220785724
65.281610077774
65.39456860658706
65.39456860658706
65.39456860658706
65.39456860658706
65.39456860658706
65.39456860658706
65.39456860658706
65.39456860658706
65.39456860658706
65.39456860658706
98.58043401862048
98.73508268767353
98.73508268767353
98.73508268767353
98.73508268767353
98.73508268767353
98.73508268767353
98.73508268767353
98.73508268767353
98.73508268767353
98.73508268767353
98.73508268767353
98.73508268767353
98.73508268767353
98.73508268767353
98.73508268767353
98.73508268767353
98.73508268767353
98.73508268767353
98.73508268767353
98.73508268767353
98.73508268767353
99.21406563253375
99.25331471655755
99.25331471655755
99.25331471655755
99.25331471655755
99.25331471655755
99.25331471655755
99.25331471655755
99.25331471655755
99.25331471655755
99.25331471655755
99.25331471655755
99.25331471655755
99.25331471655755
99.25331471655755
99.25331471655755
99.25331471655755
99.25331471655755
99.25331471655755
99.25331471655755
99.25331471655755
99.25331471655755
99.65317593506416
100.0
100.0
100.0
100.0
100.0
100.0
100.0
100.0
100.0
100.0
100.0
100.0
100.0
100.0
100.0
100.0
100.0
100.0
100.0
100.0
100.0
100.0
100.0
100.0
100.0
100.0
100.0
100.0
100.0
100.0
100.0
100.0
100.0
100.0
100.0
100.0
100.0
100.0
100.0
100.0
100.0
100.0
100.0
100.0
100.0
100.0
100.0
100.0
100.0
100.0
100.0
100.0
100.0
100.0
100.0
100.0
100.0
100.0
100.0
100.0
100.0
100.0
100.0
100.0
100.0
100.0
100.0
100.0
100.0
100.0
100.0
100.0
100.0
100.0
100.0
100.0
100.0
100.0
100.0
100.0
100.0
100.0
100.0
100.0
100.0
100.0
100.0
100.0
100.0
100.0
100.0
100.0
100.0
100.0
100.0
100.0
100.0
100.0
100.0
100.0
100.0
100.0
100.0
100.0
100.0
100.0
100.0
100.0
100.0
100.0
100.0
100.0
100.0
100.0
100.0
100.0
100.0
100.0
100.0
100.0
100.0
100.0
100.0
100.0
100.0
100.0
100.0
100.0
100.0
100.0
100.0
100.0
100.0
100.0
100.0
100.0
100.0
100.0
100.0
100.0
100.0
100.0
100.0
100.0
100.0
100.0
100.0
100.0
100.0
100.0
100.0
100.0
100.0
100.0
100.0
100.0
100.0
100.0
100.0
100.0
100.0
100.0
100.0
100.0
100.0
100.0
100.0
100.0
100.0
100.0
100.0
100.0
100.0
100.0
100.0
100.0
100.0
100.0

