298.3841
298.3841
298.3841
298.3841
298.3841
298.3841
298.3841
298.3841
298.3841
298.3841
298.3841
298.3841
298.3841
298.3841
298.3841
298.3841
298.3841
298.3841
298.3841
298.3841
298.3841
298.3841
298.3841
298.3841
298.3841
298.3841
298.3841
298.3841
298.3841
298.3841
298.3841
298.3841
298.3841
273.6914
273.6914
273.6914
273.6914
273.6914
273.6914
273.6914
273.6914
273.6914
273.6914
273.6914
205.4938
205.4938
205.4938
205.4938
205.4938
205.4938
205.4938
205.4938
205.4938
205.4938
205.4938
205.4938
205.4938
205.4938
205.4938
205.4938
205.4938
205.4938
205.4938
205.4938
205.4938
205.4938
121.0865
121.0865
121.0865
121.0865
121.0865
121.0865
121.0865
121.0865
121.0865
121.0865
121.0865
121.0865
121.0865
121.0865
121.0865
121.0865
121.0865
121.0865
121.0865
121.0865
121.0865
121.0865
91.5855
91.5855
91.5855
91.5855
91.5855
91.5855
91.5855
91.5855
91.5855
91.5855
91.5855
91.5855
91.5855
91.5855
91.5855
91.5855
91.5855
91.5855
91.5855
91.5855
91.5855
91.5855
91.5855
91.5855
91.5855
91.5855
91.5855
91.5855
91.5855
91.5855
91.5855
91.5855
91.5855
91.5855
91.5855
91.5855
91.5855
91.5855
91.5855
91.5855
91.5855
91.5855
91.5855
91.5855
91.5855
91.5855
91.5855
91.5855
91.5855
91.5855
91.5855
91.5855
91.5855
91.5855
91.5855
91.5855
91.5855
91.5855
91.5855
91.5855
91.5855
91.5855
91.5855
91.5855
91.5855
91.5855
91.5855
91.5855
91.5855
91.5855
91.5855
91.5855
91.5855
91.5855
91.5855
91.5855
91.5855
91.5855
91.5855
91.5855
91.5855
91.5855
91.5855
91.5855
91.5855
91.5855
91.5855
91.5855
91.5855
91.5855
91.5855
91.5855
91.5855
91.5855
91.5855
91.5855
91.5855
91.5855
91.5855
91.5855
91.5855
91.5855
91.5855
91.5855
91.5855
91.5855
91.5855
91.5855
91.5855
91.5855
91.5855
91.5855
91.5855
91.5855
91.5855
91.5855
91.5855
91.5855
91.5855
91.5855
91.5855
91.5855
91.5855
91.5855
91.5855
91.5855
91.5855
91.5855
91.5855
91.5855
91.5855
91.5855
91.5855
91.5855
91.5855
91.5855
91.5855
91.5855
91.5855
91.5855
91.5855
91.5855
91.5855
91.5855
91.5855
91.5855
91.5855
91.5855
91.5855
91.5855
91.5855
91.5855
91.5855
91.5855
91.5855
91.5855
91.5855
91.5855
91.5855
91.5855
91.5855
91.5855
91.5855
91.5855
91.5855
91.5855
91.5855
91.5855
91.5855
91.5855
91.5855
91.5855
91.5855
91.5855
91.5855
91.5855
91.5855
91.5855
91.5855

