49.539864599039454
49.539864599039454
49.539864599039454
49.539864599039454
49.539864599039454
49.539864599039454
49.539864599039454
49.539864599039454
49.539864599039454
49.539864599039454
49.539864599039454
49.539864599039454
49.539864599039454
49.539864599039454
49.539864599039454
49.539864599039454
49.539864599039454
49.539864599039454
49.539864599039454
49.539864599039454
49.539864599039454
49.539864599039454
49.539864599039454
49.539864599039454
49.539864599039454
49.539864599039454
49.539864599039454
49.539864599039454
49.539864599039454
49.539864599039454
49.539864599039454
49.539864599039454
49.539864599039454
52.30878621633297
52.39676425558648
52.39676425558648
52.39676425558648
52.39676425558648
52.39676425558648
52.39676425558648
52.39676425558648
52.39676425558648
52.39676425558648
52.39676425558648
94.6639512092924
94.89350804526572
94.89350804526572
94.89350804526572
94.89350804526572
94.89350804526572
94.89350804526572
94.89350804526572
94.89350804526572
94.89350804526572
94.89350804526572
94.89350804526572
94.89350804526572
94.89350804526572
94.89350804526572
94.89350804526572
94.89350804526572
94.89350804526572
94.89350804526572
94.89350804526572
94.89350804526572
94.89350804526572
98.9540148324535
99.08202785858461
99.08202785858461
99.08202785858461
99.08202785858461
99.08202785858461
99.08202785858461
99.08202785858461
99.08202785858461
99.08202785858461
99.08202785858461
99.08202785858461
99.08202785858461
99.08202785858461
99.08202785858461
99.08202785858461
99.08202785858461
99.08202785858461
99.08202785858461
99.08202785858461
99.08202785858461
99.08202785858461
99.6304229327859
100.0
100.0
100.0
100.0
100.0
100.0
100.0
100.0
100.0
100.0
100.0
100.0
100.0
100.0
100.0
100.0
100.0
100.0
100.0
100.0
100.0
100.0
100.0
100.0
100.0
100.0
100.0
100.0
100.0
100.0
100.0
100.0
100.0
100.0
100.0
100.0
100.0
100.0
100.0
100.0
100.0
100.0
100.0
100.0
100.0
100.0
100.0
100.0
100.0
100.0
100.0
100.0
100.0
100.0
100.0
100.0
100.0
100.0
100.0
100.0
100.0
100.0
100.0
100.0
100.0
100.0
100.0
100.0
100.0
100.0
100.0
100.0
100.0
100.0
100.0
100.0
100.0
100.0
100.0
100.0
100.0
100.0
100.0
100.0
100.0
100.0
100.0
100.0
100.0
100.0
100.0
100.0
100.0
100.0
100.0
100.0
100.0
100.0
100.0
100.0
100.0
100.0
100.0
100.0
100.0
100.0
100.0
100.0
100.0
100.0
100.0
100.0
100.0
100.0
100.0
100.0
100.0
100.0
100.0
100.0
100.0
100.0
100.0
100.0
100.0
100.0
100.0
100.0
100.0
100.0
100.0
100.0
100.0
100.0
100.0
100.0
100.0
100.0
100.0
100.0
100.0
100.0
100.0
100.0
100.0
100.0
100.0
100.0
100.0
100.0
100.0
100.0
100.0
100.0
100.0
100.0
100.0
100.0
100.0
100.0
100.0
100.0
100.0
100.0
100.0
100.0
100.0
100.0
100.0
100.0
100.0
100.0
100.0
100.0
100.0
100.0
100.0
100.0

