49.97970170701206
49.97970170701206
49.97970170701206
49.97970170701206
49.97970170701206
49.97970170701206
49.97970170701206
49.97970170701206
49.97970170701206
49.97970170701206
49.97970170701206
49.97970170701206
49.97970170701206
49.97970170701206
49.97970170701206
49.97970170701206
49.97970170701206
49.97970170701206
49.97970170701206
49.97970170701206
49.97970170701206
49.97970170701206
49.97970170701206
49.97970170701206
49.97970170701206
49.97970170701206
49.97970170701206
49.97970170701206
49.97970170701206
49.97970170701206
49.97970170701206
49.97970170701206
49.97970170701206
54.35780560782717
54.41927473666065
54.41927473666065
54.41927473666065
54.41927473666065
54.41927473666065
54.41927473666065
54.41927473666065
54.41927473666065
54.41927473666065
54.41927473666065
98.8593937078064
99.08202785858461
99.08202785858461
99.08202785858461
99.08202785858461
99.08202785858461
99.08202785858461
99.08202785858461
99.08202785858461
99.08202785858461
99.08202785858461
99.08202785858461
99.08202785858461
99.08202785858461
99.08202785858461
99.08202785858461
99.08202785858461
99.08202785858461
99.08202785858461
99.08202785858461
99.08202785858461
99.08202785858461
99.08202785858461
99.08202785858461
99.08202785858461
99.08202785858461
99.08202785858461
99.08202785858461
99.08202785858461
99.08202785858461
99.08202785858461
99.08202785858461
99.08202785858461
99.08202785858461
99.08202785858461
99.08202785858461
99.08202785858461
99.08202785858461
99.08202785858461
99.08202785858461
99.08202785858461
99.08202785858461
99.08202785858461
99.08202785858461
99.6304229327859
100.0
100.0
100.0
100.0
100.0
100.0
100.0
100.0
100.0
100.0
100.0
100.0
100.0
100.0
100.0
100.0
100.0
100.0
100.0
100.0
100.0
100.0
100.0
100.0
100.0
100.0
100.0
100.0
100.0
100.0
100.0
100.0
100.0
100.0
100.0
100.0
100.0
100.0
100.0
100.0
100.0
100.0
100.0
100.0
100.0
100.0
100.0
100.0
100.0
100.0
100.0
100.0
100.0
100.0
100.0
100.0
100.0
100.0
100.0
100.0
100.0
100.0
100.0
100.0
100.0
100.0
100.0
100.0
100.0
100.0
100.0
100.0
100.0
100.0
100.0
100.0
100.0
100.0
100.0
100.0
100.0
100.0
100.0
100.0
100.0
100.0
100.0
100.0
100.0
100.0
100.0
100.0
100.0
100.0
100.0
100.0
100.0
100.0
100.0
100.0
100.0
100.0
100.0
100.0
100.0
100.0
100.0
100.0
100.0
100.0
100.0
100.0
100.0
100.0
100.0
100.0
100.0
100.0
100.0
100.0
100.0
100.0
100.0
100.0
100.0
100.0
100.0
100.0
100.0
100.0
100.0
100.0
100.0
100.0
100.0
100.0
100.0
100.0
100.0
100.0
100.0
100.0
100.0
100.0
100.0
100.0
100.0
100.0
100.0
100.0
100.0
100.0
100.0
100.0
100.0
100.0
100.0
100.0
100.0
100.0
100.0
100.0
100.0
100.0
100.0
100.0
100.0
100.0
100.0
100.0
100.0
100.0
100.0
100.0
100.0
100.0
100.0
100.0

