97.27492546195948
97.27492546195948
97.27492546195948
97.27492546195948
97.27492546195948
97.27492546195948
97.27492546195948
97.27492546195948
97.27492546195948
97.27492546195948
97.27492546195948
97.27492546195948
97.27492546195948
97.27492546195948
97.27492546195948
97.27492546195948
97.27492546195948
97.27492546195948
97.27492546195948
97.27492546195948
97.27492546195948
97.27492546195948
97.27492546195948
97.27492546195948
97.27492546195948
97.27492546195948
97.27492546195948
97.27492546195948
97.27492546195948
97.27492546195948
97.27492546195948
97.27492546195948
97.27492546195948
99.11578685577547
99.13853985805372
99.13853985805372
99.13853985805372
99.13853985805372
99.13853985805372
99.13853985805372
99.13853985805372
99.13853985805372
99.13853985805372
99.13853985805372
99.26797397367699
99.27479485033297
99.27479485033297
99.27479485033297
99.27479485033297
99.27479485033297
99.27479485033297
99.27479485033297
99.27479485033297
99.27479485033297
99.27479485033297
99.27479485033297
99.27479485033297
99.27479485033297
99.27479485033297
99.27479485033297
99.27479485033297
99.27479485033297
99.27479485033297
99.27479485033297
99.27479485033297
99.27479485033297
99.65999681172013
100.0
100.0
100.0
100.0
100.0
100.0
100.0
100.0
100.0
100.0
100.0
100.0
100.0
100.0
100.0
100.0
100.0
100.0
100.0
100.0
100.0
100.0
100.0
100.0
100.0
100.0
100.0
100.0
100.0
100.0
100.0
100.0
100.0
100.0
100.0
100.0
100.0
100.0
100.0
100.0
100.0
100.0
100.0
100.0
100.0
100.0
100.0
100.0
100.0
100.0
100.0
100.0
100.0
100.0
100.0
100.0
100.0
100.0
100.0
100.0
100.0
100.0
100.0
100.0
100.0
100.0
100.0
100.0
100.0
100.0
100.0
100.0
100.0
100.0
100.0
100.0
100.0
100.0
100.0
100.0
100.0
100.0
100.0
100.0
100.0
100.0
100.0
100.0
100.0
100.0
100.0
100.0
100.0
100.0
100.0
100.0
100.0
100.0
100.0
100.0
100.0
100.0
100.0
100.0
100.0
100.0
100.0
100.0
100.0
100.0
100.0
100.0
100.0
100.0
100.0
100.0
100.0
100.0
100.0
100.0
100.0
100.0
100.0
100.0
100.0
100.0
100.0
100.0
100.0
100.0
100.0
100.0
100.0
100.0
100.0
100.0
100.0
100.0
100.0
100.0
100.0
100.0
100.0
100.0
100.0
100.0
100.0
100.0
100.0
100.0
100.0
100.0
100.0
100.0
100.0
100.0
100.0
100.0
100.0
100.0
100.0
100.0
100.0
100.0
100.0
100.0
100.0
100.0
100.0
100.0
100.0
100.0
100.0
100.0
100.0
100.0
100.0
100.0
100.0
100.0
100.0
100.0
100.0
100.0
100.0
100.0
100.0
100.0
100.0
100.0
100.0
100.0
100.0
100.0
100.0
100.0
100.0
100.0
100.0
100.0

