251.1662
251.1662
251.1662
251.1662
251.1662
251.1662
251.1662
251.1662
231.2224
244.799
254.15
254.15
254.15
254.15
254.15
254.15
254.15
254.15
254.15
244.799
244.799
254.15
254.15
254.15
254.15
250.2257
254.15
254.15
254.15
254.15
254.15
254.15
254.15
254.15
254.15
194.7502
232.0144
247.3785
247.3785
247.3785
247.3785
247.3785
247.3785
247.3785
236.9847
236.9847
211.3243
218.9909
231.621
233.1628
233.1628
243.8472
243.8472
243.8472
243.8472
243.8472
243.8472
243.8472
243.8472
236.3334
236.3334
243.8472
244.799
244.799
254.15
254.15
254.15
254.15
254.15
254.15
254.15
254.15
249.0753
254.15
254.15
254.15
254.15
254.15
254.15
254.15
254.15
254.15
254.15
254.15
254.15
254.15
254.15
254.15
254.15
248.581
248.581
248.581
248.581
248.581
233.1628
233.1628
243.8472
243.8472
243.8472
243.8472
243.8472
243.8472
243.8472
243.8472
243.8472
243.8472
243.8472
243.8472
243.8472
243.8472
243.8472
243.8472
243.8472
241.4706
244.799
254.15
254.15
254.15
254.15
254.15
254.15
254.15
254.15
254.15
254.15
254.15
243.8472
159.0253
126.5398
91.5855
91.5855
91.5855
91.5855
91.5855
91.5855
91.5855
91.5855
91.5855
91.5855
91.5855
91.5855
91.5855
91.5855
91.5855
91.5855
91.5855
91.5855
91.5855
91.5855
91.5855
91.5855
91.5855
91.5855
91.5855
91.5855
91.5855
91.5855
91.5855
91.5855
91.5855
91.5855
91.5855
91.5855
91.5855
91.5855
91.5855
91.5855
91.5855
91.5855
91.5855
91.5855
91.5855
91.5855
91.5855
91.5855
91.5855
91.5855
91.5855
91.5855
91.5855
91.5855
91.5855
91.5855
91.5855
91.5855
91.5855
91.5855
91.5855
91.5855
91.5855
91.5855
91.5855
91.5855
91.5855
91.5855
91.5855
91.5855
91.5855
91.5855
91.5855
91.5855
91.5855
91.5855
91.5855
91.5855
91.5855
91.5855
91.5855
91.5855
91.5855
91.5855
91.5855
91.5855
91.5855
91.5855
91.5855
91.5855
91.5855
91.5855
91.5855
91.5855
91.5855
91.5855
91.5855
91.5855
91.5855
91.5855
91.5855
91.5855
91.5855
91.5855
91.5855
91.5855
91.5855
91.5855
91.5855
91.5855
91.5855
91.5855
91.5855
91.5855
91.5855
91.5855
91.5855
91.5855
91.5855
91.5855
91.5855
91.5855
91.5855
91.5855
91.5855
91.5855
91.5855
91.5855
91.5855
91.5855
91.5855
91.5855
91.5855
91.5855
91.5855
91.5855
91.5855
91.5855
91.5855
91.5855
91.5855
91.5855
91.5855
91.5855
91.5855
91.5855
91.5855
91.5855
91.5855
91.5855
91.5855
91.5855
91.5855
91.5855
91.5855
91.5855
91.5855
91.5855
91.5855
91.5855
91.5855
91.5855
91.5855
91.5855
91.5855
91.5855
91.5855
91.5855
91.5855
91.5855
91.5855

