249.0753
254.15
254.15
254.15
254.15
254.15
254.15
254.15
254.15
254.15
254.15
254.15
211.622
152.846
91.5855
91.5855
91.5855
91.5855
91.5855
91.5855
91.5855
91.5855
91.5855
91.5855
91.5855
91.5855
91.5855
91.5855
91.5855
91.5855
91.5855
91.5855
91.5855
91.5855
91.5855
91.5855
91.5855
91.5855
91.5855
91.5855
91.5855
91.5855
91.5855
91.5855
91.5855
91.5855
91.5855
91.5855
91.5855
91.5855
91.5855
91.5855
91.5855
91.5855
91.5855
91.5855
91.5855
91.5855
91.5855
91.5855
91.5855
91.5855
91.5855
91.5855
91.5855
91.5855
91.5855
91.5855
91.5855
91.5855
91.5855
91.5855
91.5855
91.5855
91.5855
91.5855
91.5855
91.5855
91.5855
91.5855
91.5855
91.5855
91.5855
91.5855
91.5855
91.5855
91.5855
91.5855
91.5855
91.5855
91.5855
91.5855
91.5855
91.5855
91.5855
91.5855
91.5855
91.5855
91.5855
91.5855
91.5855
91.5855
91.5855
91.5855
91.5855
91.5855
91.5855
91.5855
91.5855
91.5855
91.5855
91.5855
91.5855
91.5855
91.5855
91.5855
91.5855
91.5855
91.5855
91.5855
91.5855
91.5855
91.5855
91.5855
91.5855
91.5855
91.5855
91.5855
91.5855
91.5855
91.5855
91.5855
91.5855
91.5855
91.5855
91.5855
91.5855
91.5855
91.5855
91.5855
91.5855
91.5855
91.5855
91.5855
91.5855
91.5855
91.5855
91.5855
91.5855
91.5855
91.5855
91.5855
91.5855
91.5855
91.5855
91.5855
91.5855
91.5855
91.5855
91.5855
91.5855
91.5855
91.5855
91.5855
91.5855
91.5855
91.5855
91.5855
91.5855
91.5855
91.5855
91.5855
91.5855
91.5855
91.5855
91.5855
91.5855
91.5855
91.5855
91.5855
91.5855
91.5855
91.5855
91.5855
91.5855
91.5855
91.5855
91.5855
91.5855
91.5855
91.5855
91.5855
91.5855
91.5855
91.5855
91.5855
91.5855
91.5855
91.5855
91.5855
91.5855
91.5855
91.5855
91.5855
91.5855
91.5855
91.5855
91.5855
91.5855
91.5855
91.5855
91.5855
91.5855
91.5855
91.5855
91.5855
91.5855
91.5855
91.5855
91.5855
91.5855
91.5855
91.5855
91.5855
91.5855
91.5855
91.5855
91.5855
91.5855
91.5855
91.5855
91.5855
91.5855
91.5855
91.5855
91.5855
91.5855
91.5855
91.5855
91.5855
91.5855
91.5855
91.5855
91.5855
91.5855
91.5855
91.5855
91.5855
91.5855
91.5855
91.5855
91.5855
91.5855
91.5855
91.5855
91.5855
91.5855
91.5855
91.5855
91.5855
91.5855
91.5855
91.5855
91.5855
91.5855
91.5855
91.5855
91.5855
91.5855
91.5855
91.5855
91.5855
91.5855
91.5855
91.5855
91.5855
91.5855
91.5855
91.5855
91.5855
91.5855
91.5855
91.5855
91.5855
91.5855
91.5855
91.5855
91.5855
91.5855
91.5855
91.5855
91.5855
91.5855
91.5855
91.5855
91.5855
91.5855
91.5855

