255.8473
249.8356
250.2257
254.15
254.15
254.15
254.15
254.15
244.681
252.5967
252.5967
252.5967
238.6838
242.3705
251.1662
251.1662
251.1662
251.1662
251.1662
246.9067
246.9067
254.15
254.15
254.15
254.15
243.3628
249.8356
249.8356
249.8356
249.8356
249.8356
249.8356
249.8356
249.8356
249.8356
229.149
238.832
252.5967
252.5967
252.5967
252.5967
252.5967
252.5967
252.5967
242.6219
242.6219
221.6161
221.6161
233.5352
235.1481
239.4145
246.204
246.204
246.204
246.204
246.204
246.204
246.204
246.204
212.803
222.6312
222.6312
224.8395
230.8184
239.9819
239.9819
239.9819
239.9819
239.9819
239.9819
239.9819
239.9819
226.4834
226.4834
236.9847
238.9791
246.9067
254.15
254.15
254.15
254.15
254.15
254.15
254.15
254.15
254.15
254.15
254.15
254.15
222.6312
222.6312
222.6312
222.6312
222.6312
175.4327
146.9492
91.5855
91.5855
91.5855
91.5855
91.5855
91.5855
91.5855
91.5855
91.5855
91.5855
91.5855
91.5855
91.5855
91.5855
91.5855
91.5855
91.5855
91.5855
91.5855
91.5855
91.5855
91.5855
91.5855
91.5855
91.5855
91.5855
91.5855
91.5855
91.5855
91.5855
91.5855
91.5855
91.5855
91.5855
91.5855
91.5855
91.5855
91.5855
91.5855
91.5855
91.5855
91.5855
91.5855
91.5855
91.5855
91.5855
91.5855
91.5855
91.5855
91.5855
91.5855
91.5855
91.5855
91.5855
91.5855
91.5855
91.5855
91.5855
91.5855
91.5855
91.5855
91.5855
91.5855
91.5855
91.5855
91.5855
91.5855
91.5855
91.5855
91.5855
91.5855
91.5855
91.5855
91.5855
91.5855
91.5855
91.5855
91.5855
91.5855
91.5855
91.5855
91.5855
91.5855
91.5855
91.5855
91.5855
91.5855
91.5855
91.5855
91.5855
91.5855
91.5855
91.5855
91.5855
91.5855
91.5855
91.5855
91.5855
91.5855
91.5855
91.5855
91.5855
91.5855
91.5855
91.5855
91.5855
91.5855
91.5855
91.5855
91.5855
91.5855
91.5855
91.5855
91.5855
91.5855
91.5855
91.5855
91.5855
91.5855
91.5855
91.5855
91.5855
91.5855
91.5855
91.5855
91.5855
91.5855
91.5855
91.5855
91.5855
91.5855
91.5855
91.5855
91.5855
91.5855
91.5855
91.5855
91.5855
91.5855
91.5855
91.5855
91.5855
91.5855
91.5855
91.5855
91.5855
91.5855
91.5855
91.5855
91.5855
91.5855
91.5855
91.5855
91.5855
91.5855
91.5855
91.5855
91.5855
91.5855
91.5855
91.5855
91.5855
91.5855
91.5855
91.5855
91.5855
91.5855
91.5855
91.5855
91.5855
91.5855
91.5855
91.5855
91.5855
91.5855
91.5855
91.5855
91.5855
91.5855
91.5855
91.5855
91.5855
91.5855
91.5855
91.5855
91.5855
91.5855
91.5855
91.5855
91.5855
91.5855
91.5855
91.5855
91.5855
91.5855
91.5855
91.5855
91.5855
91.5855
91.5855
91.5855
91.5855

