58.90150781154138
65.03716182668065
64.45554250425268
60.25831912075464
60.25831912075464
60.25831912075464
60.25831912075464
60.25831912075464
72.6718338814281
61.6389626262957
61.6389626262957
61.6389626262957
80.79475096109093
76.15776071071704
63.21131328015337
63.21131328015337
63.21131328015337
63.21131328015337
63.21131328015337
69.14994569019373
69.14994569019373
60.17034108150112
60.17034108150112
60.17034108150112
60.17034108150112
74.79144186387201
64.96369524418789
64.96369524418789
64.96369524418789
64.96369524418789
64.96369524418789
64.96369524418789
64.96369524418789
64.96369524418789
64.96369524418789
87.93071062024191
80.52697403583007
61.53333482725607
61.53333482725607
61.53333482725607
61.53333482725607
61.53333482725607
61.53333482725607
61.53333482725607
75.69104921305616
75.7966770120958
91.18803238660247
91.18803238660247
85.45352242678331
84.02815932605823
79.87010619091046
70.15154667159759
70.15154667159759
70.15154667159759
70.15154667159759
70.15154667159759
70.15154667159759
70.15154667159759
70.15154667159759
93.4203134996697
90.8543427827524
90.8543427827524
89.86038709711268
87.01510997200558
79.20052138059852
79.20052138059852
79.20052138059852
79.20052138059852
79.20052138059852
79.20052138059852
79.20052138059852
79.20052138059852
89.29406945935703
89.29406945935703
82.52056599737362
80.08308928327472
68.76341961679961
59.78381500810701
59.78381500810701
59.78381500810701
59.78381500810701
59.78381500810701
59.78381500810701
59.78381500810701
59.78381500810701
59.78381500810701
59.78381500810701
59.78381500810701
59.78381500810701
90.37983867010476
90.92780936524517
90.92780936524517
90.92780936524517
90.92780936524517
97.5646165973225
98.62754610589339
100.0
100.0
100.0
100.0
100.0
100.0
100.0
100.0
100.0
100.0
100.0
100.0
100.0
100.0
100.0
100.0
100.0
100.0
100.0
100.0
100.0
100.0
100.0
100.0
100.0
100.0
100.0
100.0
100.0
100.0
100.0
100.0
100.0
100.0
100.0
100.0
100.0
100.0
100.0
100.0
100.0
100.0
100.0
100.0
100.0
100.0
100.0
100.0
100.0
100.0
100.0
100.0
100.0
100.0
100.0
100.0
100.0
100.0
100.0
100.0
100.0
100.0
100.0
100.0
100.0
100.0
100.0
100.0
100.0
100.0
100.0
100.0
100.0
100.0
100.0
100.0
100.0
100.0
100.0
100.0
100.0
100.0
100.0
100.0
100.0
100.0
100.0
100.0
100.0
100.0
100.0
100.0
100.0
100.0
100.0
100.0
100.0
100.0
100.0
100.0
100.0
100.0
100.0
100.0
100.0
100.0
100.0
100.0
100.0
100.0
100.0
100.0
100.0
100.0
100.0
100.0
100.0
100.0
100.0
100.0
100.0
100.0
100.0
100.0
100.0
100.0
100.0
100.0
100.0
100.0
100.0
100.0
100.0
100.0
100.0
100.0
100.0
100.0
100.0
100.0
100.0
100.0
100.0
100.0
100.0
100.0
100.0
100.0
100.0
100.0
100.0
100.0
100.0
100.0
100.0
100.0
100.0
100.0
100.0
100.0
100.0
100.0
100.0
100.0
100.0
100.0
100.0
100.0
100.0
100.0
100.0
100.0
100.0
100.0
100.0
100.0
100.0
100.0
100.0
100.0
100.0
100.0
100.0
100.0
100.0
100.0
100.0
100.0
100.0
100.0
100.0
100.0
100.0
100.0
100.0
100.0
100.0
100.0
100.0
100.0
100.0
100.0

