254.15
254.15
254.15
254.15
254.15
254.15
254.15
254.15
244.5628
251.1662
251.1662
251.1662
237.4612
245.7369
252.5967
252.5967
252.5967
252.5967
252.5967
247.8548
252.5967
252.5967
252.5967
252.5967
252.5967
245.8537
254.15
254.15
254.15
254.15
254.15
254.15
254.15
254.15
254.15
244.5628
251.1662
251.1662
251.1662
251.1662
251.1662
251.1662
251.1662
251.1662
251.1662
251.1662
244.5628
244.5628
251.1662
251.1662
251.1662
251.1662
251.1662
251.1662
251.1662
251.1662
251.1662
251.1662
251.1662
223.6257
231.621
231.621
233.3497
237.9277
245.0344
245.0344
245.0344
245.0344
245.0344
245.0344
245.0344
245.0344
216.2455
229.5744
229.5744
232.5945
244.5628
251.1662
251.1662
251.1662
251.1662
251.1662
251.1662
251.1662
251.1662
251.1662
251.1662
251.1662
251.1662
235.321
235.321
235.321
235.321
235.321
198.7283
207.3687
222.6312
222.6312
222.6312
222.6312
222.6312
222.6312
222.6312
222.6312
222.6312
222.6312
222.6312
222.6312
222.6312
222.6312
222.6312
222.6312
222.6312
188.6847
197.7401
214.5436
214.5436
214.5436
214.5436
214.5436
214.5436
214.5436
214.5436
214.5436
214.5436
214.5436
189.0238
194.0812
202.9509
231.621
231.621
231.621
231.621
231.621
231.621
231.621
231.621
231.621
231.621
231.621
231.621
231.621
231.621
231.621
231.621
231.621
231.621
231.621
231.621
231.621
231.621
231.621
231.621
231.621
231.621
231.621
231.621
231.621
231.621
231.621
231.621
231.621
114.6351
91.5855
91.5855
91.5855
91.5855
91.5855
91.5855
91.5855
91.5855
91.5855
91.5855
91.5855
91.5855
91.5855
91.5855
91.5855
91.5855
91.5855
91.5855
91.5855
91.5855
91.5855
91.5855
91.5855
91.5855
91.5855
91.5855
91.5855
91.5855
91.5855
91.5855
91.5855
91.5855
91.5855
91.5855
91.5855
91.5855
91.5855
91.5855
91.5855
91.5855
91.5855
91.5855
91.5855
91.5855
91.5855
91.5855
91.5855
91.5855
91.5855
91.5855
91.5855
91.5855
91.5855
91.5855
91.5855
91.5855
91.5855
91.5855
91.5855
91.5855
91.5855
91.5855
91.5855
91.5855
91.5855
91.5855
91.5855
91.5855
91.5855
91.5855
91.5855
91.5855
91.5855
91.5855
91.5855
91.5855
91.5855
91.5855
91.5855
91.5855
91.5855
91.5855
91.5855
91.5855
91.5855
91.5855
91.5855
91.5855
91.5855
91.5855
91.5855
91.5855
91.5855
91.5855
91.5855
91.5855
91.5855
91.5855
91.5855
91.5855
91.5855
91.5855
91.5855
91.5855
91.5855
91.5855
91.5855
91.5855
91.5855
91.5855
91.5855
91.5855
91.5855
91.5855
91.5855
91.5855
91.5855
91.5855
91.5855
91.5855
91.5855
91.5855
91.5855
91.5855
91.5855
91.5855
91.5855
91.5855
91.5855
91.5855
91.5855
91.5855
91.5855
91.5855
91.5855

