79.16666666666667
79.16666666666667
79.16666666666667
79.16666666666667
79.16666666666667
79.16666666666667
79.16666666666667
79.16666666666667
71.45833333333333
77.08333333333333
77.08333333333333
77.08333333333333
65.9375
72.5
78.125
78.125
78.125
78.125
78.125
74.375
78.125
78.125
78.125
78.125
78.125
72.60416666666667
79.16666666666667
79.16666666666667
79.16666666666667
79.16666666666667
79.16666666666667
79.16666666666667
79.16666666666667
79.16666666666667
79.16666666666667
71.45833333333333
77.08333333333333
77.08333333333333
77.08333333333333
77.08333333333333
77.08333333333333
77.08333333333333
77.08333333333333
77.08333333333333
77.08333333333333
77.08333333333333
71.45833333333333
71.45833333333333
77.08333333333333
77.08333333333333
77.08333333333333
77.08333333333333
77.08333333333333
77.08333333333333
77.08333333333333
77.08333333333333
77.08333333333333
77.08333333333333
77.08333333333333
58.75
62.5
62.5
63.4375
66.25
71.875
71.875
71.875
71.875
71.875
71.875
71.875
71.875
55.833333333333336
61.458333333333336
61.458333333333336
63.020833333333336
71.45833333333333
77.08333333333333
77.08333333333333
77.08333333333333
77.08333333333333
77.08333333333333
77.08333333333333
77.08333333333333
77.08333333333333
77.08333333333333
77.08333333333333
77.08333333333333
77.08333333333333
64.58333333333333
64.58333333333333
64.58333333333333
64.58333333333333
64.58333333333333
49.895833333333336
52.708333333333336
58.333333333333336
58.333333333333336
58.333333333333336
58.333333333333336
58.333333333333336
58.333333333333336
58.333333333333336
58.333333333333336
58.333333333333336
58.333333333333336
58.333333333333336
58.333333333333336
58.333333333333336
58.333333333333336
58.333333333333336
58.333333333333336
58.333333333333336
46.770833333333336
49.583333333333336
55.208333333333336
55.208333333333336
55.208333333333336
55.208333333333336
55.208333333333336
55.208333333333336
55.208333333333336
55.208333333333336
55.208333333333336
55.208333333333336
55.208333333333336
46.875
48.4375
51.25
62.5
62.5
62.5
62.5
62.5
62.5
62.5
62.5
62.5
62.5
62.5
62.5
62.5
62.5
62.5
62.5
62.5
62.5
62.5
62.5
62.5
62.5
62.5
62.5
62.5
62.5
62.5
62.5
62.5
62.5
62.5
62.5
62.5
18.75
0.0
0.0
0.0
0.0
0.0
0.0
0.0
0.0
0.0
0.0
0.0
0.0
0.0
0.0
0.0
0.0
0.0
0.0
0.0
0.0
0.0
0.0
0.0
0.0
0.0
0.0
0.0
0.0
0.0
0.0
0.0
0.0
0.0
0.0
0.0
0.0
0.0
0.0
0.0
0.0
0.0
0.0
0.0
0.0
0.0
0.0
0.0
0.0
0.0
0.0
0.0
0.0
0.0
0.0
0.0
0.0
0.0
0.0
0.0
0.0
0.0
0.0
0.0
0.0
0.0
0.0
0.0
0.0
0.0
0.0
0.0
0.0
0.0
0.0
0.0
0.0
0.0
0.0
0.0
0.0
0.0
0.0
0.0
0.0
0.0
0.0
0.0
0.0
0.0
0.0
0.0
0.0
0.0
0.0
0.0
0.0
0.0
0.0
0.0
0.0
0.0
0.0
0.0
0.0
0.0
0.0
0.0
0.0
0.0
0.0
0.0
0.0
0.0
0.0
0.0
0.0
0.0
0.0
0.0
0.0
0.0
0.0
0.0
0.0
0.0
0.0
0.0
0.0
0.0
0.0
0.0
0.0
0.0
0.0
0.0

