251.1662
251.1662
251.1662
251.1662
251.1662
251.1662
251.1662
251.1662
231.2224
240.2601
254.15
254.15
231.2224
246.9067
254.15
254.15
254.15
254.15
254.15
254.15
254.15
254.15
254.15
254.15
254.15
250.2257
254.15
254.15
254.15
254.15
254.15
254.15
254.15
254.15
254.15
254.15
254.15
254.15
254.15
254.15
254.15
254.15
254.15
254.15
243.8472
243.8472
208.295
216.2455
229.5744
231.4224
236.3334
243.8472
243.8472
243.8472
243.8472
243.8472
243.8472
243.8472
243.8472
235.8326
239.9819
239.9819
241.2071
244.5628
251.1662
251.1662
251.1662
251.1662
251.1662
251.1662
251.1662
251.1662
241.7311
245.0344
245.0344
245.7369
245.7369
252.5967
252.5967
252.5967
252.5967
252.5967
252.5967
252.5967
252.5967
252.5967
252.5967
252.5967
252.5967
252.5967
252.5967
252.5967
252.5967
252.5967
227.168
232.7852
241.3392
241.3392
241.3392
241.3392
241.3392
241.3392
241.3392
241.3392
241.3392
241.3392
241.3392
241.3392
241.3392
241.3392
241.3392
241.3392
241.3392
233.3497
237.9277
245.0344
245.0344
245.0344
245.0344
245.0344
245.0344
245.0344
245.0344
245.0344
245.0344
245.0344
233.5352
236.1676
246.9067
254.15
254.15
254.15
254.15
254.15
254.15
254.15
254.15
254.15
254.15
254.15
254.15
254.15
254.15
254.15
254.15
254.15
254.15
254.15
254.15
254.15
254.15
254.15
254.15
254.15
254.15
254.15
254.15
254.15
254.15
254.15
254.15
254.15
156.5218
192.4026
201.9858
252.5967
252.5967
252.5967
252.5967
252.5967
252.5967
252.5967
252.5967
252.5967
252.5967
252.5967
252.5967
252.5967
252.5967
252.5967
252.5967
252.5967
252.5967
252.5967
252.5967
252.5967
252.5967
252.5967
252.5967
252.5967
252.5967
252.5967
252.5967
252.5967
252.5967
252.5967
252.5967
252.5967
252.5967
252.5967
252.5967
252.5967
252.5967
252.5967
252.5967
252.5967
252.5967
252.5967
252.5967
252.5967
252.5967
252.5967
252.5967
252.5967
252.5967
252.5967
252.5967
252.5967
252.5967
252.5967
252.5967
252.5967
252.5967
252.5967
252.5967
252.5967
252.5967
252.5967
252.5967
252.5967
247.3785
236.9847
236.9847
236.9847
236.9847
236.9847
236.9847
236.9847
236.9847
236.9847
236.9847
236.9847
236.9847
236.9847
236.9847
236.9847
236.9847
236.9847
236.9847
236.9847
236.9847
236.9847
236.9847
236.9847
236.9847
236.9847
236.9847
236.9847
236.9847
236.9847
236.9847
236.9847
236.9847
236.9847
236.9847
236.9847
236.9847
236.9847
236.9847
236.9847
236.9847
236.9847
236.9847
236.9847
236.9847
236.9847
236.9847
236.9847
236.9847
236.9847
236.9847
236.9847
236.9847
236.9847
236.9847
236.9847
236.9847
236.9847
236.9847
236.9847
236.9847
236.9847
236.9847
236.9847
236.9847
236.9847
236.9847
91.5855

