77.08333333333333
77.08333333333333
77.08333333333333
77.08333333333333
77.08333333333333
77.08333333333333
77.08333333333333
77.08333333333333
62.291666666666664
67.91666666666667
79.16666666666667
79.16666666666667
62.291666666666664
73.54166666666667
79.16666666666667
79.16666666666667
79.16666666666667
79.16666666666667
79.16666666666667
79.16666666666667
79.16666666666667
79.16666666666667
79.16666666666667
79.16666666666667
79.16666666666667
76.35416666666667
79.16666666666667
79.16666666666667
79.16666666666667
79.16666666666667
79.16666666666667
79.16666666666667
79.16666666666667
79.16666666666667
79.16666666666667
79.16666666666667
79.16666666666667
79.16666666666667
79.16666666666667
79.16666666666667
79.16666666666667
79.16666666666667
79.16666666666667
79.16666666666667
70.83333333333333
70.83333333333333
53.020833333333336
55.833333333333336
61.458333333333336
62.395833333333336
65.20833333333333
70.83333333333333
70.83333333333333
70.83333333333333
70.83333333333333
70.83333333333333
70.83333333333333
70.83333333333333
70.83333333333333
64.89583333333333
67.70833333333333
67.70833333333333
68.64583333333333
71.45833333333333
77.08333333333333
77.08333333333333
77.08333333333333
77.08333333333333
77.08333333333333
77.08333333333333
77.08333333333333
77.08333333333333
69.0625
71.875
71.875
72.5
72.5
78.125
78.125
78.125
78.125
78.125
78.125
78.125
78.125
78.125
78.125
78.125
78.125
78.125
78.125
78.125
78.125
78.125
60.3125
63.125
68.75
68.75
68.75
68.75
68.75
68.75
68.75
68.75
68.75
68.75
68.75
68.75
68.75
68.75
68.75
68.75
68.75
63.4375
66.25
71.875
71.875
71.875
71.875
71.875
71.875
71.875
71.875
71.875
71.875
71.875
63.541666666666664
65.10416666666667
73.54166666666667
79.16666666666667
79.16666666666667
79.16666666666667
79.16666666666667
79.16666666666667
79.16666666666667
79.16666666666667
79.16666666666667
79.16666666666667
79.16666666666667
79.16666666666667
79.16666666666667
79.16666666666667
79.16666666666667
79.16666666666667
79.16666666666667
79.16666666666667
79.16666666666667
79.16666666666667
79.16666666666667
79.16666666666667
79.16666666666667
79.16666666666667
79.16666666666667
79.16666666666667
79.16666666666667
79.16666666666667
79.16666666666667
79.16666666666667
79.16666666666667
79.16666666666667
79.16666666666667
79.16666666666667
36.666666666666664
47.916666666666664
50.9375
78.125
78.125
78.125
78.125
78.125
78.125
78.125
78.125
78.125
78.125
78.125
78.125
78.125
78.125
78.125
78.125
78.125
78.125
78.125
78.125
78.125
78.125
78.125
78.125
78.125
78.125
78.125
78.125
78.125
78.125
78.125
78.125
78.125
78.125
78.125
78.125
78.125
78.125
78.125
78.125
78.125
78.125
78.125
78.125
78.125
78.125
78.125
78.125
78.125
78.125
78.125
78.125
78.125
78.125
78.125
78.125
78.125
78.125
78.125
78.125
78.125
78.125
78.125
78.125
78.125
73.95833333333333
65.625
65.625
65.625
65.625
65.625
65.625
65.625
65.625
65.625
65.625
65.625
65.625
65.625
65.625
65.625
65.625
65.625
65.625
65.625
65.625
65.625
65.625
65.625
65.625
65.625
65.625
65.625
65.625
65.625
65.625
65.625
65.625
65.625
65.625
65.625
65.625
65.625
65.625
65.625
65.625
65.625
65.625
65.625
65.625
65.625
65.625
65.625
65.625
65.625
65.625
65.625
65.625
65.625
65.625
65.625
65.625
65.625
65.625
65.625
65.625
65.625
65.625
65.625
65.625
65.625
65.625
0.0

