259.7457
254.15
254.15
254.15
254.15
254.15
254.15
254.15
244.681
252.5967
252.5967
252.5967
229.149
245.7369
252.5967
252.5967
252.5967
252.5967
252.5967
252.5967
252.5967
252.5967
252.5967
252.5967
252.5967
245.7369
252.5967
252.5967
252.5967
252.5967
252.5967
252.5967
252.5967
252.5967
252.5967
243.7268
246.9067
254.15
254.15
254.15
254.15
254.15
254.15
254.15
243.8472
243.8472
224.1152
224.1152
235.321
236.9847
248.581
248.581
248.581
248.581
248.581
248.581
248.581
248.581
248.581
232.209
236.9847
236.9847
238.081
246.204
246.204
246.204
246.204
246.204
246.204
246.204
246.204
246.204
218.1796
225.0784
225.0784
225.0784
225.0784
225.0784
225.0784
225.0784
225.0784
225.0784
225.0784
225.0784
225.0784
225.0784
225.0784
225.0784
225.0784
214.5436
214.5436
214.5436
214.5436
214.5436
178.4805
187.6664
205.4938
205.4938
205.4938
205.4938
205.4938
205.4938
205.4938
205.4938
205.4938
205.4938
205.4938
205.4938
205.4938
205.4938
205.4938
205.4938
205.4938
155.9024
131.152
91.5855
91.5855
91.5855
91.5855
91.5855
91.5855
91.5855
91.5855
91.5855
91.5855
91.5855
91.5855
91.5855
91.5855
91.5855
91.5855
91.5855
91.5855
91.5855
91.5855
91.5855
91.5855
91.5855
91.5855
91.5855
91.5855
91.5855
91.5855
91.5855
91.5855
91.5855
91.5855
91.5855
91.5855
91.5855
91.5855
91.5855
91.5855
91.5855
91.5855
91.5855
91.5855
91.5855
91.5855
91.5855
91.5855
91.5855
91.5855
91.5855
91.5855
91.5855
91.5855
91.5855
91.5855
91.5855
91.5855
91.5855
91.5855
91.5855
91.5855
91.5855
91.5855
91.5855
91.5855
91.5855
91.5855
91.5855
91.5855
91.5855
91.5855
91.5855
91.5855
91.5855
91.5855
91.5855
91.5855
91.5855
91.5855
91.5855
91.5855
91.5855
91.5855
91.5855
91.5855
91.5855
91.5855
91.5855
91.5855
91.5855
91.5855
91.5855
91.5855
91.5855
91.5855
91.5855
91.5855
91.5855
91.5855
91.5855
91.5855
91.5855
91.5855
91.5855
91.5855
91.5855
91.5855
91.5855
91.5855
91.5855
91.5855
91.5855
91.5855
91.5855
91.5855
91.5855
91.5855
91.5855
91.5855
91.5855
91.5855
91.5855
91.5855
91.5855
91.5855
91.5855
91.5855
91.5855
91.5855
91.5855
91.5855
91.5855
91.5855
91.5855
91.5855
91.5855
91.5855
91.5855
91.5855
91.5855
91.5855
91.5855
91.5855
91.5855
91.5855
91.5855
91.5855
91.5855
91.5855
91.5855
91.5855
91.5855
91.5855
91.5855
91.5855
91.5855
91.5855
91.5855
91.5855
91.5855
91.5855
91.5855
91.5855
91.5855
91.5855
91.5855
91.5855
91.5855
91.5855
91.5855
91.5855
91.5855
91.5855
91.5855
91.5855
91.5855
91.5855
91.5855
91.5855
91.5855
91.5855
91.5855
91.5855
91.5855

