82.29166666666667
79.16666666666667
79.16666666666667
79.16666666666667
79.16666666666667
79.16666666666667
79.16666666666667
79.16666666666667
71.5625
78.125
78.125
78.125
61.25
72.5
78.125
78.125
78.125
78.125
78.125
78.125
78.125
78.125
78.125
78.125
78.125
72.5
78.125
78.125
78.125
78.125
78.125
78.125
78.125
78.125
78.125
70.72916666666667
73.54166666666667
79.16666666666667
79.16666666666667
79.16666666666667
79.16666666666667
79.16666666666667
79.16666666666667
79.16666666666667
70.83333333333333
70.83333333333333
58.958333333333336
58.958333333333336
64.58333333333333
65.625
75.0
75.0
75.0
75.0
75.0
75.0
75.0
75.0
75.0
62.8125
65.625
65.625
66.35416666666667
72.91666666666667
72.91666666666667
72.91666666666667
72.91666666666667
72.91666666666667
72.91666666666667
72.91666666666667
72.91666666666667
72.91666666666667
56.5625
59.375
59.375
59.375
59.375
59.375
59.375
59.375
59.375
59.375
59.375
59.375
59.375
59.375
59.375
59.375
59.375
55.208333333333336
55.208333333333336
55.208333333333336
55.208333333333336
55.208333333333336
43.645833333333336
46.458333333333336
52.083333333333336
52.083333333333336
52.083333333333336
52.083333333333336
52.083333333333336
52.083333333333336
52.083333333333336
52.083333333333336
52.083333333333336
52.083333333333336
52.083333333333336
52.083333333333336
52.083333333333336
52.083333333333336
52.083333333333336
52.083333333333336
52.083333333333336
36.458333333333336
27.083333333333332
0.0
0.0
0.0
0.0
0.0
0.0
0.0
0.0
0.0
0.0
0.0
0.0
0.0
0.0
0.0
0.0
0.0
0.0
0.0
0.0
0.0
0.0
0.0
0.0
0.0
0.0
0.0
0.0
0.0
0.0
0.0
0.0
0.0
0.0
0.0
0.0
0.0
0.0
0.0
0.0
0.0
0.0
0.0
0.0
0.0
0.0
0.0
0.0
0.0
0.0
0.0
0.0
0.0
0.0
0.0
0.0
0.0
0.0
0.0
0.0
0.0
0.0
0.0
0.0
0.0
0.0
0.0
0.0
0.0
0.0
0.0
0.0
0.0
0.0
0.0
0.0
0.0
0.0
0.0
0.0
0.0
0.0
0.0
0.0
0.0
0.0
0.0
0.0
0.0
0.0
0.0
0.0
0.0
0.0
0.0
0.0
0.0
0.0
0.0
0.0
0.0
0.0
0.0
0.0
0.0
0.0
0.0
0.0
0.0
0.0
0.0
0.0
0.0
0.0
0.0
0.0
0.0
0.0
0.0
0.0
0.0
0.0
0.0
0.0
0.0
0.0
0.0
0.0
0.0
0.0
0.0
0.0
0.0
0.0
0.0
0.0
0.0
0.0
0.0
0.0
0.0
0.0
0.0
0.0
0.0
0.0
0.0
0.0
0.0
0.0
0.0
0.0
0.0
0.0
0.0
0.0
0.0
0.0
0.0
0.0
0.0
0.0
0.0
0.0
0.0
0.0
0.0
0.0
0.0
0.0
0.0
0.0
0.0
0.0
0.0
0.0
0.0
0.0
0.0
0.0
0.0
0.0
0.0

