64.45554250425268
60.25831912075464
60.25831912075464
60.25831912075464
60.25831912075464
60.25831912075464
60.25831912075464
60.25831912075464
60.25831912075464
60.25831912075464
60.25831912075464
60.25831912075464
87.12073777104521
72.85745705724902
63.21131328015337
63.21131328015337
63.21131328015337
63.21131328015337
63.21131328015337
69.14994569019373
69.14994569019373
60.17034108150112
60.17034108150112
60.17034108150112
60.17034108150112
60.17034108150112
60.17034108150112
60.17034108150112
60.17034108150112
60.17034108150112
60.17034108150112
60.17034108150112
60.17034108150112
60.17034108150112
60.17034108150112
84.82804340139577
84.82804340139577
63.21131328015337
63.21131328015337
63.21131328015337
63.21131328015337
63.21131328015337
63.21131328015337
63.21131328015337
63.21131328015337
63.21131328015337
72.85745705724902
72.85745705724902
63.21131328015337
63.21131328015337
63.21131328015337
63.21131328015337
63.21131328015337
63.21131328015337
63.21131328015337
63.21131328015337
63.21131328015337
63.21131328015337
63.21131328015337
94.66044731061682
93.1912340403168
93.1912340403168
93.1912340403168
98.95155985025141
100.0
100.0
100.0
100.0
100.0
100.0
100.0
100.0
100.0
100.0
100.0
100.0
100.0
100.0
100.0
100.0
100.0
100.0
100.0
100.0
100.0
100.0
100.0
100.0
100.0
100.0
100.0
100.0
100.0
100.0
100.0
100.0
100.0
100.0
100.0
100.0
100.0
100.0
100.0
100.0
100.0
100.0
100.0
100.0
100.0
100.0
100.0
100.0
100.0
100.0
100.0
100.0
100.0
100.0
100.0
100.0
100.0
100.0
100.0
100.0
100.0
100.0
100.0
100.0
100.0
100.0
100.0
100.0
100.0
100.0
100.0
100.0
100.0
100.0
100.0
100.0
100.0
100.0
100.0
100.0
100.0
100.0
100.0
100.0
100.0
100.0
100.0
100.0
100.0
100.0
100.0
100.0
100.0
100.0
100.0
100.0
100.0
100.0
100.0
100.0
100.0
100.0
100.0
100.0
100.0
100.0
100.0
100.0
100.0
100.0
100.0
100.0
100.0
100.0
100.0
100.0
100.0
100.0
100.0
100.0
100.0
100.0
100.0
100.0
100.0
100.0
100.0
100.0
100.0
100.0
100.0
100.0
100.0
100.0
100.0
100.0
100.0
100.0
100.0
100.0
100.0
100.0
100.0
100.0
100.0
100.0
100.0
100.0
100.0
100.0
100.0
100.0
100.0
100.0
100.0
100.0
100.0
100.0
100.0
100.0
100.0
100.0
100.0
100.0
100.0
100.0
100.0
100.0
100.0
100.0
100.0
100.0
100.0
100.0
100.0
100.0
100.0
100.0
100.0
100.0
100.0
100.0
100.0
100.0
100.0
100.0
100.0
100.0
100.0
100.0
100.0
100.0
100.0
100.0
100.0
100.0
100.0
100.0
100.0
100.0
100.0
100.0
100.0
100.0
100.0
100.0
100.0
100.0
100.0
100.0
100.0
100.0
100.0
100.0
100.0
100.0
100.0
100.0
100.0
100.0
100.0
100.0
100.0
100.0
100.0
100.0
100.0
100.0
100.0
100.0
100.0
100.0
100.0
100.0

