248.4066
253.6924
253.6924
253.6924
253.6924
253.6924
253.6924
253.6924
253.6924
253.6924
253.6924
253.6924
232.1813
253.6924
253.6924
253.6924
253.6924
253.6924
253.6924
253.6924
253.6924
253.6924
253.6924
253.6924
253.6924
253.6924
253.6924
253.6924
253.6924
253.6924
253.6924
253.6924
253.6924
253.6924
253.6924
240.1809
240.1809
249.6522
249.6522
249.6522
249.6522
249.6522
249.6522
249.6522
249.6522
249.6522
223.3437
234.316
234.316
235.321
242.8
242.8
242.8
242.8
242.8
242.8
242.8
242.8
242.8
229.5744
236.7542
236.7542
237.6623
244.529
244.529
244.529
244.529
244.529
244.529
244.529
244.529
244.529
226.4176
234.316
234.316
236.0485
247.8891
247.8891
247.8891
247.8891
247.8891
247.8891
247.8891
247.8891
247.8891
247.8891
247.8891
247.8891
247.8891
247.8891
247.8891
247.8891
247.8891
247.8891
230.4679
230.4679
242.8
242.8
242.8
242.8
242.8
242.8
242.8
242.8
242.8
242.8
242.8
242.8
242.8
242.8
242.8
242.8
242.8
230.4679
230.4679
242.8
242.8
242.8
242.8
242.8
242.8
242.8
242.8
242.8
242.8
242.8
242.8
243.8472
243.8472
253.6924
253.6924
253.6924
253.6924
253.6924
253.6924
253.6924
253.6924
253.6924
253.6924
253.6924
253.6924
253.6924
253.6924
253.6924
253.6924
253.6924
253.6924
253.6924
253.6924
253.6924
253.6924
253.6924
253.6924
253.6924
253.6924
253.6924
253.6924
253.6924
253.6924
253.6924
253.6924
253.6924
151.9856
176.882
176.882
91.5855
91.5855
91.5855
91.5855
91.5855
91.5855
91.5855
91.5855
91.5855
91.5855
91.5855
91.5855
91.5855
91.5855
91.5855
91.5855
91.5855
91.5855
91.5855
91.5855
91.5855
91.5855
91.5855
91.5855
91.5855
91.5855
91.5855
91.5855
91.5855
91.5855
91.5855
91.5855
91.5855
91.5855
91.5855
91.5855
91.5855
91.5855
91.5855
91.5855
91.5855
91.5855
91.5855
91.5855
91.5855
91.5855
91.5855
91.5855
91.5855
91.5855
91.5855
91.5855
91.5855
91.5855
91.5855
91.5855
91.5855
91.5855
91.5855
91.5855
91.5855
91.5855
91.5855
91.5855
91.5855
91.5855
91.5855
91.5855
91.5855
91.5855
91.5855
91.5855
91.5855
91.5855
91.5855
91.5855
91.5855
91.5855
91.5855
91.5855
91.5855
91.5855
91.5855
91.5855
91.5855
91.5855
91.5855
91.5855
91.5855
91.5855
91.5855
91.5855
91.5855
91.5855
91.5855
91.5855
91.5855
91.5855
91.5855
91.5855
91.5855
91.5855
91.5855
91.5855
91.5855
91.5855
91.5855
91.5855
91.5855
91.5855
91.5855
91.5855
91.5855
91.5855
91.5855
91.5855
91.5855
91.5855
91.5855
91.5855
91.5855
91.5855
91.5855
91.5855
91.5855
91.5855
91.5855
91.5855
91.5855
91.5855
91.5855
91.5855
91.5855

