74.85119047619048
78.86904761904762
78.86904761904762
78.86904761904762
78.86904761904762
78.86904761904762
78.86904761904762
78.86904761904762
78.86904761904762
78.86904761904762
78.86904761904762
78.86904761904762
62.79761904761905
78.86904761904762
78.86904761904762
78.86904761904762
78.86904761904762
78.86904761904762
78.86904761904762
78.86904761904762
78.86904761904762
78.86904761904762
78.86904761904762
78.86904761904762
78.86904761904762
78.86904761904762
78.86904761904762
78.86904761904762
78.86904761904762
78.86904761904762
78.86904761904762
78.86904761904762
78.86904761904762
78.86904761904762
78.86904761904762
67.85714285714286
67.85714285714286
75.89285714285714
75.89285714285714
75.89285714285714
75.89285714285714
75.89285714285714
75.89285714285714
75.89285714285714
75.89285714285714
75.89285714285714
58.63095238095238
63.98809523809524
63.98809523809524
64.58333333333333
69.94047619047619
69.94047619047619
69.94047619047619
69.94047619047619
69.94047619047619
69.94047619047619
69.94047619047619
69.94047619047619
69.94047619047619
61.458333333333336
65.47619047619048
65.47619047619048
66.07142857142857
71.42857142857143
71.42857142857143
71.42857142857143
71.42857142857143
71.42857142857143
71.42857142857143
71.42857142857143
71.42857142857143
71.42857142857143
59.970238095238095
63.98809523809524
63.98809523809524
65.0297619047619
74.4047619047619
74.4047619047619
74.4047619047619
74.4047619047619
74.4047619047619
74.4047619047619
74.4047619047619
74.4047619047619
74.4047619047619
74.4047619047619
74.4047619047619
74.4047619047619
74.4047619047619
74.4047619047619
74.4047619047619
74.4047619047619
74.4047619047619
74.4047619047619
61.904761904761905
61.904761904761905
69.94047619047619
69.94047619047619
69.94047619047619
69.94047619047619
69.94047619047619
69.94047619047619
69.94047619047619
69.94047619047619
69.94047619047619
69.94047619047619
69.94047619047619
69.94047619047619
69.94047619047619
69.94047619047619
69.94047619047619
69.94047619047619
69.94047619047619
61.904761904761905
61.904761904761905
69.94047619047619
69.94047619047619
69.94047619047619
69.94047619047619
69.94047619047619
69.94047619047619
69.94047619047619
69.94047619047619
69.94047619047619
69.94047619047619
69.94047619047619
69.94047619047619
70.83333333333333
70.83333333333333
78.86904761904762
78.86904761904762
78.86904761904762
78.86904761904762
78.86904761904762
78.86904761904762
78.86904761904762
78.86904761904762
78.86904761904762
78.86904761904762
78.86904761904762
78.86904761904762
78.86904761904762
78.86904761904762
78.86904761904762
78.86904761904762
78.86904761904762
78.86904761904762
78.86904761904762
78.86904761904762
78.86904761904762
78.86904761904762
78.86904761904762
78.86904761904762
78.86904761904762
78.86904761904762
78.86904761904762
78.86904761904762
78.86904761904762
78.86904761904762
78.86904761904762
78.86904761904762
78.86904761904762
35.11904761904762
43.154761904761905
43.154761904761905
0.0
0.0
0.0
0.0
0.0
0.0
0.0
0.0
0.0
0.0
0.0
0.0
0.0
0.0
0.0
0.0
0.0
0.0
0.0
0.0
0.0
0.0
0.0
0.0
0.0
0.0
0.0
0.0
0.0
0.0
0.0
0.0
0.0
0.0
0.0
0.0
0.0
0.0
0.0
0.0
0.0
0.0
0.0
0.0
0.0
0.0
0.0
0.0
0.0
0.0
0.0
0.0
0.0
0.0
0.0
0.0
0.0
0.0
0.0
0.0
0.0
0.0
0.0
0.0
0.0
0.0
0.0
0.0
0.0
0.0
0.0
0.0
0.0
0.0
0.0
0.0
0.0
0.0
0.0
0.0
0.0
0.0
0.0
0.0
0.0
0.0
0.0
0.0
0.0
0.0
0.0
0.0
0.0
0.0
0.0
0.0
0.0
0.0
0.0
0.0
0.0
0.0
0.0
0.0
0.0
0.0
0.0
0.0
0.0
0.0
0.0
0.0
0.0
0.0
0.0
0.0
0.0
0.0
0.0
0.0
0.0
0.0
0.0
0.0
0.0
0.0
0.0
0.0
0.0
0.0
0.0
0.0
0.0

