57.23453892388339
65.47377973873388
65.47377973873388
65.47377973873388
65.47377973873388
65.47377973873388
65.47377973873388
65.47377973873388
65.47377973873388
65.47377973873388
65.47377973873388
65.47377973873388
90.1902587853215
73.22800530397086
73.22800530397086
73.22800530397086
73.22800530397086
73.22800530397086
73.22800530397086
72.38883600700655
65.39456860658706
65.39456860658706
65.39456860658706
65.39456860658706
65.39456860658706
72.38883600700655
65.39456860658706
65.39456860658706
65.39456860658706
65.39456860658706
65.39456860658706
65.39456860658706
65.39456860658706
65.39456860658706
65.39456860658706
82.95952273687408
74.19078034376795
60.801737152979115
60.801737152979115
60.801737152979115
60.801737152979115
60.801737152979115
60.801737152979115
60.801737152979115
60.801737152979115
60.801737152979115
87.92602716279046
80.76735317848
80.76735317848
79.76961444887814
70.48008822121697
70.48008822121697
70.48008822121697
70.48008822121697
70.48008822121697
70.48008822121697
70.48008822121697
70.48008822121697
70.48008822121697
93.06112012370514
90.01230553558115
90.01230553558115
89.40303395255398
82.95952273687408
82.95952273687408
82.95952273687408
82.95952273687408
82.95952273687408
82.95952273687408
82.95952273687408
82.95952273687408
82.95952273687408
97.72701680800789
99.30181415412933
100.0
100.0
100.0
100.0
100.0
100.0
100.0
100.0
100.0
100.0
100.0
100.0
100.0
100.0
100.0
100.0
100.0
100.0
100.0
100.0
100.0
100.0
100.0
100.0
100.0
100.0
100.0
100.0
100.0
100.0
100.0
100.0
100.0
100.0
100.0
100.0
100.0
100.0
100.0
100.0
100.0
100.0
100.0
100.0
100.0
100.0
100.0
100.0
100.0
100.0
100.0
100.0
100.0
100.0
100.0
100.0
100.0
100.0
100.0
100.0
100.0
100.0
100.0
100.0
100.0
100.0
100.0
100.0
100.0
100.0
100.0
100.0
100.0
100.0
100.0
100.0
100.0
100.0
100.0
100.0
100.0
100.0
100.0
100.0
100.0
100.0
100.0
100.0
100.0
100.0
100.0
100.0
100.0
100.0
100.0
100.0
100.0
100.0
100.0
100.0
100.0
100.0
100.0
100.0
100.0
100.0
100.0
100.0
100.0
100.0
100.0
100.0
100.0
100.0
100.0
100.0
100.0
100.0
100.0
100.0
100.0
100.0
100.0
100.0
100.0
100.0
100.0
100.0
100.0
100.0
100.0
100.0
100.0
100.0
100.0
100.0
100.0
100.0
100.0
100.0
100.0
100.0
100.0
100.0
100.0
100.0
100.0
100.0
100.0
100.0
100.0
100.0
100.0
100.0
100.0
100.0
100.0
100.0
100.0
100.0
100.0
100.0
100.0
100.0
100.0
100.0
100.0
100.0
100.0
100.0
100.0
100.0
100.0
100.0
100.0
100.0
100.0
100.0
100.0
100.0
100.0
100.0
100.0
100.0
100.0
100.0
100.0
100.0
100.0
100.0
100.0
100.0
100.0
100.0
100.0
100.0
100.0
100.0
100.0
100.0
100.0
100.0
100.0
100.0
100.0
100.0
100.0
100.0
100.0
100.0
100.0
100.0
100.0
100.0
100.0
100.0
100.0
100.0
100.0
100.0
100.0
100.0
100.0
100.0

