65.43770033125456
65.43770033125456
65.43770033125456
65.43770033125456
65.43770033125456
65.43770033125456
65.43770033125456
65.43770033125456
65.43770033125456
65.43770033125456
65.43770033125456
65.43770033125456
79.38160609500804
79.38160609500804
65.43770033125456
65.43770033125456
65.43770033125456
65.43770033125456
65.43770033125456
65.43770033125456
65.43770033125456
65.43770033125456
65.43770033125456
65.43770033125456
65.43770033125456
86.30736692926138
78.46494462768351
78.46494462768351
78.46494462768351
78.46494462768351
78.46494462768351
78.46494462768351
78.46494462768351
78.46494462768351
78.46494462768351
90.96149543394581
79.38160609500804
65.43770033125456
65.43770033125456
65.43770033125456
65.43770033125456
65.43770033125456
65.43770033125456
65.43770033125456
65.43770033125456
65.43770033125456
90.99757484142515
86.99284996987048
86.99284996987048
86.24120981702039
78.3987875154425
78.3987875154425
78.3987875154425
78.3987875154425
78.3987875154425
78.3987875154425
78.3987875154425
78.3987875154425
78.3987875154425
89.63990333193321
85.10657460976196
85.10657460976196
84.46866645326438
78.35565579077502
78.35565579077502
78.35565579077502
78.35565579077502
78.35565579077502
78.35565579077502
78.35565579077502
78.35565579077502
78.35565579077502
92.11062937490232
88.6040105878369
88.6040105878369
88.6040105878369
98.97219147526293
100.0
100.0
100.0
100.0
100.0
100.0
100.0
100.0
100.0
100.0
100.0
100.0
100.0
100.0
100.0
100.0
100.0
100.0
100.0
100.0
100.0
100.0
100.0
100.0
100.0
100.0
100.0
100.0
100.0
100.0
100.0
100.0
100.0
100.0
100.0
100.0
100.0
100.0
100.0
100.0
100.0
100.0
100.0
100.0
100.0
100.0
100.0
100.0
100.0
100.0
100.0
100.0
100.0
100.0
100.0
100.0
100.0
100.0
100.0
100.0
100.0
100.0
100.0
100.0
100.0
100.0
100.0
100.0
100.0
100.0
100.0
100.0
100.0
100.0
100.0
100.0
100.0
100.0
100.0
100.0
100.0
100.0
100.0
100.0
100.0
100.0
100.0
100.0
100.0
100.0
100.0
100.0
100.0
100.0
100.0
100.0
100.0
100.0
100.0
100.0
100.0
100.0
100.0
100.0
100.0
100.0
100.0
100.0
100.0
100.0
100.0
100.0
100.0
100.0
100.0
100.0
100.0
100.0
100.0
100.0
100.0
100.0
100.0
100.0
100.0
100.0
100.0
100.0
100.0
100.0
100.0
100.0
100.0
100.0
100.0
100.0
100.0
100.0
100.0
100.0
100.0
100.0
100.0
100.0
100.0
100.0
100.0
100.0
100.0
100.0
100.0
100.0
100.0
100.0
100.0
100.0
100.0
100.0
100.0
100.0
100.0
100.0
100.0
100.0
100.0
100.0
100.0
100.0
100.0
100.0
100.0
100.0
100.0
100.0
100.0
100.0
100.0
100.0
100.0
100.0
100.0
100.0
100.0
100.0
100.0
100.0
100.0
100.0
100.0
100.0
100.0
100.0
100.0
100.0
100.0
100.0
100.0
100.0
100.0
100.0
100.0
100.0
100.0
100.0
100.0
100.0
100.0
100.0
100.0
100.0
100.0
100.0
100.0
100.0
100.0
100.0
100.0
100.0
100.0
100.0
100.0

