57.13991779923631
63.026503503225776
63.026503503225776
63.026503503225776
63.026503503225776
63.026503503225776
63.026503503225776
63.026503503225776
63.026503503225776
63.026503503225776
63.026503503225776
63.026503503225776
63.026503503225776
63.026503503225776
63.026503503225776
63.026503503225776
63.026503503225776
63.026503503225776
63.026503503225776
72.38883600700655
65.39456860658706
65.39456860658706
65.39456860658706
65.39456860658706
65.39456860658706
86.45924328755821
80.84656431062682
80.84656431062682
80.84656431062682
80.84656431062682
80.84656431062682
80.84656431062682
80.84656431062682
80.84656431062682
80.84656431062682
78.84988807674056
60.85322655295868
60.85322655295868
60.85322655295868
60.85322655295868
60.85322655295868
60.85322655295868
60.85322655295868
60.85322655295868
60.85322655295868
60.85322655295868
94.73042513456623
92.4603291905974
92.4603291905974
91.73987807631917
83.01101213685365
83.01101213685365
83.01101213685365
83.01101213685365
83.01101213685365
83.01101213685365
83.01101213685365
83.01101213685365
83.01101213685365
96.48414665067732
99.30181415412933
100.0
100.0
100.0
100.0
100.0
100.0
100.0
100.0
100.0
100.0
100.0
100.0
100.0
100.0
100.0
100.0
100.0
100.0
100.0
100.0
100.0
100.0
100.0
100.0
100.0
100.0
100.0
100.0
100.0
100.0
100.0
100.0
100.0
100.0
100.0
100.0
100.0
100.0
100.0
100.0
100.0
100.0
100.0
100.0
100.0
100.0
100.0
100.0
100.0
100.0
100.0
100.0
100.0
100.0
100.0
100.0
100.0
100.0
100.0
100.0
100.0
100.0
100.0
100.0
100.0
100.0
100.0
100.0
100.0
100.0
100.0
100.0
100.0
100.0
100.0
100.0
100.0
100.0
100.0
100.0
100.0
100.0
100.0
100.0
100.0
100.0
100.0
100.0
100.0
100.0
100.0
100.0
100.0
100.0
100.0
100.0
100.0
100.0
100.0
100.0
100.0
100.0
100.0
100.0
100.0
100.0
100.0
100.0
100.0
100.0
100.0
100.0
100.0
100.0
100.0
100.0
100.0
100.0
100.0
100.0
100.0
100.0
100.0
100.0
100.0
100.0
100.0
100.0
100.0
100.0
100.0
100.0
100.0
100.0
100.0
100.0
100.0
100.0
100.0
100.0
100.0
100.0
100.0
100.0
100.0
100.0
100.0
100.0
100.0
100.0
100.0
100.0
100.0
100.0
100.0
100.0
100.0
100.0
100.0
100.0
100.0
100.0
100.0
100.0
100.0
100.0
100.0
100.0
100.0
100.0
100.0
100.0
100.0
100.0
100.0
100.0
100.0
100.0
100.0
100.0
100.0
100.0
100.0
100.0
100.0
100.0
100.0
100.0
100.0
100.0
100.0
100.0
100.0
100.0
100.0
100.0
100.0
100.0
100.0
100.0
100.0
100.0
100.0
100.0
100.0
100.0
100.0
100.0
100.0
100.0
100.0
100.0
100.0
100.0
100.0
100.0
100.0
100.0
100.0
100.0
100.0
100.0
100.0
100.0
100.0
100.0
100.0
100.0
100.0
100.0
100.0
100.0
100.0
100.0
100.0
100.0
100.0

