54.52956778710379
54.52956778710379
54.52956778710379
54.52956778710379
54.52956778710379
54.52956778710379
54.52956778710379
54.52956778710379
54.52956778710379
54.52956778710379
54.52956778710379
54.52956778710379
54.52956778710379
54.52956778710379
54.52956778710379
54.52956778710379
54.52956778710379
54.52956778710379
54.52956778710379
54.52956778710379
54.52956778710379
54.52956778710379
54.52956778710379
54.52956778710379
54.52956778710379
54.52956778710379
97.22476821755134
97.23158909420732
97.23158909420732
97.23158909420732
97.23158909420732
97.23158909420732
97.23158909420732
97.23158909420732
97.23158909420732
99.24162288174865
99.24565128544558
99.24565128544558
99.24565128544558
99.24565128544558
99.24565128544558
99.24565128544558
99.24565128544558
99.24565128544558
99.24565128544558
99.24565128544558
99.24565128544558
99.24565128544558
99.24565128544558
99.24565128544558
99.24565128544558
99.24565128544558
99.24565128544558
99.24565128544558
99.24565128544558
99.24565128544558
99.24565128544558
99.24565128544558
99.24565128544558
99.24565128544558
99.24565128544558
99.24565128544558
99.24565128544558
99.24565128544558
99.24565128544558
99.24565128544558
99.24565128544558
99.24565128544558
99.24565128544558
99.24565128544558
99.24565128544558
99.66402521541707
100.0
100.0
100.0
100.0
100.0
100.0
100.0
100.0
100.0
100.0
100.0
100.0
100.0
100.0
100.0
100.0
100.0
100.0
100.0
100.0
100.0
100.0
100.0
100.0
100.0
100.0
100.0
100.0
100.0
100.0
100.0
100.0
100.0
100.0
100.0
100.0
100.0
100.0
100.0
100.0
100.0
100.0
100.0
100.0
100.0
100.0
100.0
100.0
100.0
100.0
100.0
100.0
100.0
100.0
100.0
100.0
100.0
100.0
100.0
100.0
100.0
100.0
100.0
100.0
100.0
100.0
100.0
100.0
100.0
100.0
100.0
100.0
100.0
100.0
100.0
100.0
100.0
100.0
100.0
100.0
100.0
100.0
100.0
100.0
100.0
100.0
100.0
100.0
100.0
100.0
100.0
100.0
100.0
100.0
100.0
100.0
100.0
100.0
100.0
100.0
100.0
100.0
100.0
100.0
100.0
100.0
100.0
100.0
100.0
100.0
100.0
100.0
100.0
100.0
100.0
100.0
100.0
100.0
100.0
100.0
100.0
100.0
100.0
100.0
100.0
100.0
100.0
100.0
100.0
100.0
100.0
100.0
100.0
100.0
100.0
100.0
100.0
100.0
100.0
100.0
100.0
100.0
100.0
100.0
100.0
100.0
100.0
100.0
100.0
100.0
100.0
100.0
100.0
100.0
100.0
100.0
100.0
100.0
100.0
100.0
100.0
100.0
100.0
100.0
100.0
100.0
100.0
100.0
100.0
100.0
100.0
100.0
100.0
100.0
100.0
100.0
100.0
100.0
100.0
100.0
100.0
100.0
100.0
100.0
100.0
100.0
100.0
100.0
100.0
100.0
100.0
100.0
100.0
100.0
100.0

