51.80853868211845
51.80853868211845
51.80853868211845
51.80853868211845
51.80853868211845
51.80853868211845
51.80853868211845
51.80853868211845
51.80853868211845
51.80853868211845
51.80853868211845
51.80853868211845
51.80853868211845
51.80853868211845
51.80853868211845
51.80853868211845
51.80853868211845
51.80853868211845
51.80853868211845
51.80853868211845
51.80853868211845
51.80853868211845
51.80853868211845
51.80853868211845
51.80853868211845
51.80853868211845
95.86026693400197
95.86708781065795
95.86708781065795
95.86708781065795
95.86708781065795
95.86708781065795
95.86708781065795
95.86708781065795
95.86708781065795
99.16240671837491
99.16643512207185
99.16643512207185
99.16643512207185
99.16643512207185
99.16643512207185
99.16643512207185
99.16643512207185
99.16643512207185
99.16643512207185
99.16643512207185
99.16643512207185
99.16643512207185
99.16643512207185
99.16643512207185
99.16643512207185
99.16643512207185
99.16643512207185
99.66402521541707
100.0
100.0
100.0
100.0
100.0
100.0
100.0
100.0
100.0
100.0
100.0
100.0
100.0
100.0
100.0
100.0
100.0
100.0
100.0
100.0
100.0
100.0
100.0
100.0
100.0
100.0
100.0
100.0
100.0
100.0
100.0
100.0
100.0
100.0
100.0
100.0
100.0
100.0
100.0
100.0
100.0
100.0
100.0
100.0
100.0
100.0
100.0
100.0
100.0
100.0
100.0
100.0
100.0
100.0
100.0
100.0
100.0
100.0
100.0
100.0
100.0
100.0
100.0
100.0
100.0
100.0
100.0
100.0
100.0
100.0
100.0
100.0
100.0
100.0
100.0
100.0
100.0
100.0
100.0
100.0
100.0
100.0
100.0
100.0
100.0
100.0
100.0
100.0
100.0
100.0
100.0
100.0
100.0
100.0
100.0
100.0
100.0
100.0
100.0
100.0
100.0
100.0
100.0
100.0
100.0
100.0
100.0
100.0
100.0
100.0
100.0
100.0
100.0
100.0
100.0
100.0
100.0
100.0
100.0
100.0
100.0
100.0
100.0
100.0
100.0
100.0
100.0
100.0
100.0
100.0
100.0
100.0
100.0
100.0
100.0
100.0
100.0
100.0
100.0
100.0
100.0
100.0
100.0
100.0
100.0
100.0
100.0
100.0
100.0
100.0
100.0
100.0
100.0
100.0
100.0
100.0
100.0
100.0
100.0
100.0
100.0
100.0
100.0
100.0
100.0
100.0
100.0
100.0
100.0
100.0
100.0
100.0
100.0
100.0
100.0
100.0
100.0
100.0
100.0
100.0
100.0
100.0
100.0
100.0
100.0
100.0
100.0
100.0
100.0
100.0
100.0
100.0
100.0
100.0
100.0
100.0
100.0
100.0
100.0
100.0
100.0
100.0
100.0
100.0
100.0
100.0
100.0
100.0
100.0
100.0
100.0
100.0
100.0

