50.520893989151205
50.520893989151205
50.520893989151205
50.520893989151205
50.520893989151205
50.520893989151205
50.520893989151205
50.520893989151205
50.520893989151205
50.520893989151205
50.520893989151205
50.520893989151205
50.520893989151205
67.07565463360727
67.08543270176143
67.08543270176143
67.08543270176143
67.08543270176143
67.08543270176143
67.08543270176143
67.08543270176143
67.08543270176143
67.08543270176143
67.08543270176143
67.08543270176143
67.08543270176143
98.53203706681101
98.538857943467
98.538857943467
98.538857943467
98.538857943467
98.538857943467
98.538857943467
98.538857943467
98.538857943467
98.538857943467
98.538857943467
98.538857943467
98.538857943467
98.538857943467
98.538857943467
98.538857943467
98.538857943467
98.538857943467
98.538857943467
98.538857943467
98.538857943467
98.538857943467
98.538857943467
98.538857943467
98.538857943467
98.538857943467
98.538857943467
99.24162288174865
99.24565128544558
99.24565128544558
99.24565128544558
99.24565128544558
99.24565128544558
99.24565128544558
99.24565128544558
99.24565128544558
99.24565128544558
99.24565128544558
99.24565128544558
99.24565128544558
99.24565128544558
99.24565128544558
99.24565128544558
99.24565128544558
99.24565128544558
99.66402521541707
100.0
100.0
100.0
100.0
100.0
100.0
100.0
100.0
100.0
100.0
100.0
100.0
100.0
100.0
100.0
100.0
100.0
100.0
100.0
100.0
100.0
100.0
100.0
100.0
100.0
100.0
100.0
100.0
100.0
100.0
100.0
100.0
100.0
100.0
100.0
100.0
100.0
100.0
100.0
100.0
100.0
100.0
100.0
100.0
100.0
100.0
100.0
100.0
100.0
100.0
100.0
100.0
100.0
100.0
100.0
100.0
100.0
100.0
100.0
100.0
100.0
100.0
100.0
100.0
100.0
100.0
100.0
100.0
100.0
100.0
100.0
100.0
100.0
100.0
100.0
100.0
100.0
100.0
100.0
100.0
100.0
100.0
100.0
100.0
100.0
100.0
100.0
100.0
100.0
100.0
100.0
100.0
100.0
100.0
100.0
100.0
100.0
100.0
100.0
100.0
100.0
100.0
100.0
100.0
100.0
100.0
100.0
100.0
100.0
100.0
100.0
100.0
100.0
100.0
100.0
100.0
100.0
100.0
100.0
100.0
100.0
100.0
100.0
100.0
100.0
100.0
100.0
100.0
100.0
100.0
100.0
100.0
100.0
100.0
100.0
100.0
100.0
100.0
100.0
100.0
100.0
100.0
100.0
100.0
100.0
100.0
100.0
100.0
100.0
100.0
100.0
100.0
100.0
100.0
100.0
100.0
100.0
100.0
100.0
100.0
100.0
100.0
100.0
100.0
100.0
100.0
100.0
100.0
100.0
100.0
100.0
100.0
100.0
100.0
100.0
100.0
100.0
100.0
100.0
100.0
100.0
100.0
100.0
100.0
100.0
100.0
100.0
100.0
100.0
100.0
100.0
100.0
100.0
100.0
100.0

