49.65317593506415
49.65317593506415
49.65317593506415
49.65317593506415
49.65317593506415
49.65317593506415
49.65317593506415
49.65317593506415
49.65317593506415
49.65317593506415
49.65317593506415
49.65317593506415
49.65317593506415
49.65317593506415
49.65317593506415
49.65317593506415
49.65317593506415
49.65317593506415
49.65317593506415
49.65317593506415
49.65317593506415
49.65317593506415
49.65317593506415
49.65317593506415
49.65317593506415
49.65317593506415
99.15558584171893
99.16643512207185
99.16643512207185
99.16643512207185
99.16643512207185
99.16643512207185
99.16643512207185
99.16643512207185
99.16643512207185
99.16643512207185
99.16643512207185
99.16643512207185
99.16643512207185
99.16643512207185
99.16643512207185
99.16643512207185
99.16643512207185
99.16643512207185
99.16643512207185
99.16643512207185
99.16643512207185
99.16643512207185
99.16643512207185
99.16643512207185
99.16643512207185
99.16643512207185
99.16643512207185
99.66402521541707
100.0
100.0
100.0
100.0
100.0
100.0
100.0
100.0
100.0
100.0
100.0
100.0
100.0
100.0
100.0
100.0
100.0
100.0
100.0
100.0
100.0
100.0
100.0
100.0
100.0
100.0
100.0
100.0
100.0
100.0
100.0
100.0
100.0
100.0
100.0
100.0
100.0
100.0
100.0
100.0
100.0
100.0
100.0
100.0
100.0
100.0
100.0
100.0
100.0
100.0
100.0
100.0
100.0
100.0
100.0
100.0
100.0
100.0
100.0
100.0
100.0
100.0
100.0
100.0
100.0
100.0
100.0
100.0
100.0
100.0
100.0
100.0
100.0
100.0
100.0
100.0
100.0
100.0
100.0
100.0
100.0
100.0
100.0
100.0
100.0
100.0
100.0
100.0
100.0
100.0
100.0
100.0
100.0
100.0
100.0
100.0
100.0
100.0
100.0
100.0
100.0
100.0
100.0
100.0
100.0
100.0
100.0
100.0
100.0
100.0
100.0
100.0
100.0
100.0
100.0
100.0
100.0
100.0
100.0
100.0
100.0
100.0
100.0
100.0
100.0
100.0
100.0
100.0
100.0
100.0
100.0
100.0
100.0
100.0
100.0
100.0
100.0
100.0
100.0
100.0
100.0
100.0
100.0
100.0
100.0
100.0
100.0
100.0
100.0
100.0
100.0
100.0
100.0
100.0
100.0
100.0
100.0
100.0
100.0
100.0
100.0
100.0
100.0
100.0
100.0
100.0
100.0
100.0
100.0
100.0
100.0
100.0
100.0
100.0
100.0
100.0
100.0
100.0
100.0
100.0
100.0
100.0
100.0
100.0
100.0
100.0
100.0
100.0
100.0
100.0
100.0
100.0
100.0
100.0
100.0
100.0
100.0
100.0
100.0
100.0
100.0
100.0
100.0
100.0
100.0
100.0
100.0
100.0
100.0
100.0
100.0
100.0
100.0

