51.79876061396429
51.79876061396429
51.79876061396429
51.79876061396429
51.79876061396429
51.79876061396429
51.79876061396429
51.79876061396429
51.79876061396429
51.79876061396429
51.79876061396429
51.79876061396429
51.79876061396429
51.79876061396429
51.79876061396429
51.79876061396429
51.79876061396429
51.79876061396429
51.79876061396429
51.79876061396429
51.79876061396429
51.79876061396429
51.79876061396429
51.79876061396429
51.79876061396429
51.79876061396429
51.79876061396429
51.79876061396429
51.79876061396429
51.79876061396429
51.79876061396429
51.79876061396429
51.79876061396429
51.79876061396429
51.79876061396429
89.75259229483908
89.76237036299324
89.76237036299324
89.76237036299324
89.76237036299324
89.76237036299324
89.76237036299324
89.76237036299324
89.76237036299324
89.76237036299324
89.76237036299324
89.76237036299324
89.76237036299324
89.76237036299324
89.76237036299324
89.76237036299324
89.76237036299324
89.76237036299324
89.76237036299324
89.76237036299324
89.76237036299324
89.76237036299324
89.76237036299324
89.76237036299324
89.76237036299324
89.76237036299324
89.76237036299324
89.76237036299324
89.76237036299324
89.76237036299324
89.76237036299324
89.76237036299324
89.76237036299324
89.76237036299324
89.76237036299324
89.76237036299324
98.83805096649209
98.84890024684503
98.84890024684503
98.84890024684503
98.84890024684503
98.84890024684503
98.84890024684503
98.84890024684503
98.84890024684503
98.84890024684503
98.84890024684503
98.84890024684503
98.84890024684503
98.84890024684503
98.84890024684503
98.84890024684503
98.84890024684503
98.84890024684503
98.84890024684503
98.84890024684503
98.84890024684503
98.84890024684503
98.84890024684503
98.84890024684503
98.84890024684503
98.84890024684503
98.84890024684503
98.84890024684503
98.84890024684503
98.84890024684503
98.84890024684503
98.84890024684503
98.84890024684503
98.84890024684503
98.84890024684503
98.84890024684503
98.84890024684503
98.84890024684503
98.84890024684503
98.84890024684503
98.84890024684503
98.84890024684503
98.84890024684503
98.84890024684503
98.84890024684503
98.84890024684503
98.84890024684503
98.84890024684503
98.84890024684503
98.84890024684503
98.84890024684503
98.84890024684503
98.84890024684503
98.84890024684503
98.84890024684503
98.84890024684503
98.84890024684503
98.84890024684503
98.84890024684503
98.84890024684503
98.84890024684503
98.84890024684503
99.66402521541707
100.0
100.0
100.0
100.0
100.0
100.0
100.0
100.0
100.0
100.0
100.0
100.0
100.0
100.0
100.0
100.0
100.0
100.0
100.0
100.0
100.0
100.0
100.0
100.0
100.0
100.0
100.0
100.0
100.0
100.0
100.0
100.0
100.0
100.0
100.0
100.0
100.0
100.0
100.0
100.0
100.0
100.0
100.0
100.0
100.0
100.0
100.0
100.0
100.0
100.0
100.0
100.0
100.0
100.0
100.0
100.0
100.0
100.0
100.0
100.0
100.0
100.0
100.0
100.0
100.0
100.0
100.0
100.0
100.0
100.0
100.0
100.0
100.0
100.0
100.0
100.0
100.0
100.0
100.0
100.0
100.0
100.0
100.0
100.0
100.0
100.0
100.0
100.0
100.0
100.0
100.0
100.0
100.0
100.0
100.0
100.0
100.0
100.0
100.0
100.0
100.0
100.0
100.0
100.0
100.0
100.0
100.0
100.0
100.0
100.0
100.0
100.0
100.0
100.0
100.0
100.0
100.0
100.0
100.0
100.0
100.0
100.0
100.0
100.0
100.0
100.0
100.0
100.0
100.0
100.0
100.0
100.0
100.0

