51.79876061396429
51.79876061396429
51.79876061396429
51.79876061396429
51.79876061396429
51.79876061396429
51.79876061396429
51.79876061396429
51.79876061396429
51.79876061396429
51.79876061396429
51.79876061396429
51.79876061396429
51.79876061396429
51.79876061396429
51.79876061396429
51.79876061396429
51.79876061396429
51.79876061396429
51.79876061396429
51.79876061396429
51.79876061396429
51.79876061396429
51.79876061396429
51.79876061396429
51.79876061396429
95.85048886584782
95.86026693400197
95.86026693400197
95.86026693400197
95.86026693400197
95.86026693400197
95.86026693400197
95.86026693400197
95.86026693400197
95.86026693400197
95.86026693400197
95.86026693400197
95.86026693400197
95.86026693400197
95.86026693400197
95.86026693400197
95.86026693400197
95.86026693400197
95.86026693400197
95.86026693400197
95.86026693400197
95.86026693400197
95.86026693400197
95.86026693400197
95.86026693400197
95.86026693400197
95.86026693400197
95.86026693400197
95.86026693400197
95.86026693400197
95.86026693400197
95.86026693400197
95.86026693400197
95.86026693400197
95.86026693400197
95.86026693400197
95.86026693400197
95.86026693400197
95.86026693400197
95.86026693400197
95.86026693400197
95.86026693400197
95.86026693400197
95.86026693400197
95.86026693400197
99.15558584171893
99.16643512207185
99.16643512207185
99.16643512207185
99.16643512207185
99.16643512207185
99.16643512207185
99.16643512207185
99.16643512207185
99.16643512207185
99.16643512207185
99.16643512207185
99.16643512207185
99.16643512207185
99.16643512207185
99.16643512207185
99.16643512207185
99.16643512207185
99.16643512207185
99.16643512207185
99.16643512207185
99.16643512207185
99.16643512207185
99.16643512207185
99.16643512207185
99.16643512207185
99.16643512207185
99.16643512207185
99.16643512207185
99.16643512207185
99.16643512207185
99.16643512207185
99.16643512207185
99.16643512207185
99.16643512207185
99.16643512207185
99.16643512207185
99.16643512207185
99.16643512207185
99.16643512207185
99.16643512207185
99.16643512207185
99.16643512207185
99.16643512207185
99.16643512207185
99.16643512207185
99.16643512207185
99.16643512207185
99.16643512207185
99.16643512207185
99.16643512207185
99.16643512207185
99.16643512207185
99.16643512207185
99.16643512207185
99.16643512207185
99.16643512207185
99.16643512207185
99.16643512207185
99.16643512207185
99.16643512207185
99.16643512207185
99.16643512207185
99.16643512207185
99.16643512207185
99.16643512207185
99.16643512207185
99.16643512207185
99.16643512207185
99.16643512207185
99.16643512207185
99.16643512207185
99.16643512207185
99.16643512207185
99.16643512207185
99.16643512207185
99.16643512207185
99.16643512207185
99.16643512207185
99.16643512207185
99.16643512207185
99.16643512207185
99.16643512207185
99.16643512207185
99.16643512207185
99.16643512207185
99.16643512207185
99.16643512207185
99.16643512207185
99.16643512207185
99.16643512207185
99.16643512207185
99.16643512207185
99.16643512207185
99.16643512207185
99.16643512207185
99.16643512207185
99.16643512207185
99.16643512207185
99.16643512207185
99.16643512207185
99.16643512207185
99.16643512207185
99.16643512207185
99.16643512207185
99.16643512207185
99.16643512207185
99.16643512207185
99.16643512207185
99.16643512207185
99.16643512207185
99.16643512207185
99.16643512207185
99.16643512207185
99.16643512207185
99.16643512207185
99.16643512207185
99.16643512207185
99.16643512207185
99.16643512207185
99.16643512207185
99.16643512207185
99.16643512207185
99.16643512207185
99.16643512207185
99.16643512207185
99.16643512207185
99.16643512207185
99.66402521541707
100.0
100.0
100.0
100.0
100.0
100.0
100.0
100.0
100.0
100.0
100.0
100.0
100.0
100.0
100.0
100.0
100.0
100.0
100.0
100.0
100.0
100.0
100.0
100.0
100.0
100.0
100.0
100.0
100.0
100.0
100.0
100.0
100.0
100.0
100.0
100.0
100.0
100.0
100.0
100.0
100.0
100.0
100.0
100.0
100.0
100.0
100.0
100.0
100.0
100.0
100.0
100.0
100.0
100.0
100.0
100.0
100.0
100.0
100.0
100.0
100.0
100.0
100.0
100.0
100.0
100.0
100.0

