76.01959076267555
76.01959076267555
76.01959076267555
76.01959076267555
76.01959076267555
76.01959076267555
76.01959076267555
76.01959076267555
95.22908651785626
95.35978704998267
95.35978704998267
95.35978704998267
95.35978704998267
97.53453889256083
97.5895370280796
97.5895370280796
97.5895370280796
97.5895370280796
97.5895370280796
97.5895370280796
97.5895370280796
97.5895370280796
97.5895370280796
97.5895370280796
97.5895370280796
97.5895370280796
97.5895370280796
97.5895370280796
97.5895370280796
97.5895370280796
97.5895370280796
97.5895370280796
97.5895370280796
98.51889921096924
98.53933861235669
98.8817355614346
98.89823164318018
98.89823164318018
98.89823164318018
98.89823164318018
98.89823164318018
98.89823164318018
98.89823164318018
98.89823164318018
99.09262670921
99.10560164333408
99.10560164333408
99.10560164333408
99.10560164333408
99.10560164333408
99.10560164333408
99.10560164333408
99.10560164333408
99.186625156627
99.19640322478116
99.19640322478116
99.19640322478116
99.19640322478116
99.19640322478116
99.19640322478116
99.19640322478116
99.19640322478116
99.19640322478116
99.19640322478116
99.19640322478116
99.19640322478116
99.19640322478116
99.19640322478116
99.19640322478116
99.19640322478116
99.19640322478116
99.23988502569776
99.24670590235374
99.24670590235374
99.24670590235374
99.24670590235374
99.24670590235374
99.24670590235374
99.24670590235374
99.24670590235374
99.24670590235374
99.24670590235374
99.24670590235374
99.24670590235374
99.24670590235374
99.24670590235374
99.24670590235374
99.24670590235374
99.24670590235374
99.24670590235374
99.24670590235374
99.24670590235374
99.24670590235374
99.24670590235374
99.24670590235374
99.24670590235374
99.24670590235374
99.24670590235374
99.24670590235374
99.31211637135131
99.31614477504824
99.31614477504824
99.31614477504824
99.31614477504824
99.31614477504824
99.31614477504824
99.31614477504824
99.31614477504824
99.31614477504824
99.31614477504824
99.31614477504824
99.31614477504824
99.31614477504824
99.31614477504824
99.31614477504824
99.31614477504824
99.31614477504824
99.31614477504824
99.31614477504824
99.31614477504824
99.31614477504824
99.31614477504824
99.31614477504824
99.31614477504824
99.31614477504824
99.31614477504824
99.31614477504824
99.31614477504824
99.31614477504824
99.31614477504824
99.31614477504824
99.31614477504824
99.31614477504824
99.66402521541707
100.0
100.0
100.0
100.0
100.0
100.0
100.0
100.0
100.0
100.0
100.0
100.0
100.0
100.0
100.0
100.0
100.0
100.0
100.0
100.0
100.0
100.0
100.0
100.0
100.0
100.0
100.0
100.0
100.0
100.0
100.0
100.0
100.0
100.0
100.0
100.0
100.0
100.0
100.0
100.0
100.0
100.0
100.0
100.0
100.0
100.0
100.0
100.0
100.0
100.0
100.0
100.0
100.0
100.0
100.0
100.0
100.0
100.0
100.0
100.0
100.0
100.0
100.0
100.0
100.0
100.0
100.0
100.0
100.0
100.0
100.0
100.0
100.0
100.0
100.0
100.0
100.0
100.0
100.0
100.0
100.0
100.0
100.0
100.0
100.0
100.0
100.0
100.0
100.0
100.0
100.0
100.0
100.0
100.0
100.0
100.0
100.0
100.0
100.0
100.0
100.0
100.0
100.0
100.0
100.0
100.0
100.0
100.0
100.0
100.0
100.0
100.0
100.0
100.0
100.0
100.0
100.0
100.0
100.0
100.0
100.0
100.0
100.0
100.0
100.0
100.0
100.0
100.0
100.0
100.0
100.0
100.0
100.0

