229.5744
229.5744
229.5744
229.5744
229.5744
229.5744
208.602
208.602
168.7389
168.7389
168.7389
168.7389
168.7389
168.7389
168.7389
168.7389
168.7389
149.8605
149.8605
149.8605
149.8605
149.8605
149.8605
149.8605
149.8605
149.8605
149.8605
149.8605
149.8605
149.8605
149.8605
149.8605
149.8605
149.8605
149.8605
133.581
133.581
133.581
133.581
133.581
133.581
133.581
133.581
133.581
120.2292
120.2292
120.2292
120.2292
120.2292
120.2292
120.2292
120.2292
120.2292
120.2292
120.2292
120.2292
120.2292
120.2292
120.2292
120.2292
120.2292
120.2292
120.2292
120.2292
120.2292
120.2292
112.9272
112.9272
112.9272
112.9272
112.9272
104.2635
104.2635
104.2635
104.2635
104.2635
104.2635
104.2635
104.2635
104.2635
104.2635
104.2635
104.2635
104.2635
104.2635
104.2635
104.2635
104.2635
104.2635
104.2635
104.2635
104.2635
104.2635
104.2635
104.2635
104.2635
104.2635
104.2635
104.2635
95.5448
95.5448
95.5448
95.5448
95.5448
95.5448
95.5448
95.5448
95.5448
95.5448
95.5448
95.5448
95.5448
95.5448
95.5448
95.5448
95.5448
95.5448
95.5448
95.5448
95.5448
95.5448
95.5448
95.5448
95.5448
95.5448
95.5448
95.5448
95.5448
95.5448
95.5448
95.5448
95.5448
95.5448
95.5448
95.5448
95.5448
95.5448
95.5448
95.5448
95.5448
95.5448
95.5448
95.5448
95.5448
95.5448
95.5448
95.5448
95.5448
95.5448
95.5448
95.5448
95.5448
95.5448
95.5448
95.5448
95.5448
95.5448
95.5448
95.5448
95.5448
95.5448
95.5448
95.5448
95.5448
95.5448
95.5448
95.5448
95.5448
95.5448
95.5448
95.5448
95.5448
95.5448
95.5448
95.5448
95.5448
95.5448
95.5448
95.5448
95.5448
95.5448
95.5448
95.5448
95.5448
95.5448
95.5448
95.5448
95.5448
95.5448
95.5448
95.5448
95.5448
95.5448
95.5448
95.5448
95.5448
95.5448
95.5448
95.5448
95.5448
95.5448
95.5448
95.5448
95.5448
95.5448
95.5448
95.5448
95.5448
95.5448
95.5448
95.5448
95.5448
95.5448
95.5448
95.5448
95.5448
95.5448
95.5448
95.5448
95.5448
95.5448
95.5448
95.5448
95.5448
95.5448
95.5448
95.5448
95.5448
95.5448
95.5448
95.5448
95.5448
95.5448
95.5448
95.5448
95.5448
95.5448
95.5448
95.5448
95.5448
95.5448
95.5448
95.5448
95.5448
95.5448
95.5448
95.5448
95.5448
95.5448
95.5448
95.5448
95.5448
95.5448
95.5448
95.5448
95.5448
95.5448
95.5448
95.5448
95.5448
95.5448
95.5448
95.5448
95.5448
95.5448
95.5448
91.5855

