88.03622854186315
88.03622854186315
88.03622854186315
88.03622854186315
88.03622854186315
88.03622854186315
94.31939655664885
94.37088595662843
97.7638802817459
97.84309141389272
97.84309141389272
97.84309141389272
97.84309141389272
97.84309141389272
97.84309141389272
97.84309141389272
97.84309141389272
98.46390107545047
98.51889921096924
98.51889921096924
98.51889921096924
98.51889921096924
98.51889921096924
98.51889921096924
98.51889921096924
98.51889921096924
98.51889921096924
98.51889921096924
98.51889921096924
98.51889921096924
98.51889921096924
98.51889921096924
98.51889921096924
98.51889921096924
98.51889921096924
98.86129616004715
98.8817355614346
98.8817355614346
98.8817355614346
98.8817355614346
98.8817355614346
98.8817355614346
98.8817355614346
98.8817355614346
99.07613062746442
99.09262670921
99.09262670921
99.09262670921
99.09262670921
99.09262670921
99.09262670921
99.09262670921
99.09262670921
99.09262670921
99.09262670921
99.09262670921
99.09262670921
99.09262670921
99.09262670921
99.09262670921
99.09262670921
99.09262670921
99.09262670921
99.09262670921
99.09262670921
99.09262670921
99.17365022250291
99.186625156627
99.186625156627
99.186625156627
99.186625156627
99.26216219058308
99.27876113539322
99.27876113539322
99.27876113539322
99.27876113539322
99.27876113539322
99.27876113539322
99.27876113539322
99.27876113539322
99.27876113539322
99.27876113539322
99.27876113539322
99.27876113539322
99.27876113539322
99.27876113539322
99.27876113539322
99.27876113539322
99.27876113539322
99.27876113539322
99.27876113539322
99.27876113539322
99.27876113539322
99.27876113539322
99.27876113539322
99.27876113539322
99.27876113539322
99.27876113539322
99.27876113539322
99.32209245639623
99.32612086009316
99.32612086009316
99.32612086009316
99.32612086009316
99.32612086009316
99.32612086009316
99.32612086009316
99.32612086009316
99.32612086009316
99.32612086009316
99.32612086009316
99.32612086009316
99.32612086009316
99.32612086009316
99.32612086009316
99.32612086009316
99.32612086009316
99.32612086009316
99.32612086009316
99.32612086009316
99.32612086009316
99.32612086009316
99.32612086009316
99.32612086009316
99.32612086009316
99.32612086009316
99.32612086009316
99.32612086009316
99.32612086009316
99.32612086009316
99.32612086009316
99.32612086009316
99.32612086009316
99.32612086009316
99.32612086009316
99.32612086009316
99.32612086009316
99.32612086009316
99.32612086009316
99.32612086009316
99.32612086009316
99.32612086009316
99.32612086009316
99.32612086009316
99.32612086009316
99.32612086009316
99.32612086009316
99.32612086009316
99.32612086009316
99.32612086009316
99.32612086009316
99.32612086009316
99.32612086009316
99.32612086009316
99.32612086009316
99.32612086009316
99.32612086009316
99.32612086009316
99.32612086009316
99.32612086009316
99.32612086009316
99.32612086009316
99.32612086009316
99.32612086009316
99.32612086009316
99.32612086009316
99.32612086009316
99.32612086009316
99.32612086009316
99.32612086009316
99.32612086009316
99.32612086009316
99.32612086009316
99.32612086009316
99.32612086009316
99.32612086009316
99.32612086009316
99.32612086009316
99.32612086009316
99.32612086009316
99.32612086009316
99.32612086009316
99.32612086009316
99.32612086009316
99.32612086009316
99.32612086009316
99.32612086009316
99.32612086009316
99.32612086009316
99.32612086009316
99.32612086009316
99.32612086009316
99.32612086009316
99.32612086009316
99.32612086009316
99.32612086009316
99.32612086009316
99.32612086009316
99.32612086009316
99.32612086009316
99.32612086009316
99.32612086009316
99.32612086009316
99.32612086009316
99.32612086009316
99.32612086009316
99.32612086009316
99.32612086009316
99.32612086009316
99.32612086009316
99.32612086009316
99.32612086009316
99.32612086009316
99.32612086009316
99.32612086009316
99.32612086009316
99.32612086009316
99.32612086009316
99.32612086009316
99.32612086009316
99.32612086009316
99.32612086009316
99.32612086009316
99.32612086009316
99.32612086009316
99.32612086009316
99.32612086009316
99.32612086009316
99.32612086009316
99.32612086009316
99.32612086009316
99.32612086009316
99.32612086009316
99.32612086009316
99.32612086009316
99.32612086009316
99.32612086009316
99.32612086009316
99.32612086009316
99.32612086009316
99.32612086009316
99.32612086009316
99.32612086009316
99.32612086009316
99.32612086009316
99.32612086009316
99.32612086009316
99.32612086009316
99.32612086009316
99.32612086009316
99.32612086009316
99.32612086009316
99.32612086009316
99.32612086009316
99.32612086009316
99.32612086009316
99.32612086009316
99.32612086009316
99.32612086009316
99.32612086009316
99.32612086009316
99.32612086009316
99.32612086009316
99.32612086009316
99.32612086009316
99.32612086009316
99.66402521541707

