238.5347
238.5347
238.5347
238.5347
238.5347
238.5347
172.0693
172.0693
152.846
152.846
152.846
152.846
152.846
141.3598
141.3598
141.3598
141.3598
141.3598
141.3598
141.3598
141.3598
141.3598
141.3598
141.3598
141.3598
141.3598
122.2524
122.2524
122.2524
122.2524
122.2524
122.2524
122.2524
122.2524
122.2524
122.2524
122.2524
122.2524
122.2524
122.2524
122.2524
122.2524
122.2524
122.2524
111.2969
111.2969
111.2969
111.2969
111.2969
111.2969
111.2969
111.2969
111.2969
105.5281
105.5281
105.5281
105.5281
105.5281
105.5281
105.5281
105.5281
105.5281
105.5281
105.5281
105.5281
105.5281
105.5281
105.5281
105.5281
105.5281
105.5281
101.918
101.918
101.918
101.918
101.918
101.918
101.918
101.918
101.918
101.918
101.918
101.918
101.918
101.918
101.918
101.918
101.918
98.7267
98.7267
98.7267
98.7267
98.7267
98.7267
98.7267
98.7267
98.7267
98.7267
98.7267
98.7267
98.7267
98.7267
98.7267
98.7267
98.7267
98.7267
98.7267
98.7267
98.7267
98.7267
98.7267
98.7267
98.7267
98.7267
98.7267
98.7267
98.7267
98.7267
98.7267
98.7267
98.7267
98.7267
98.7267
98.7267
98.7267
98.7267
98.7267
98.7267
98.7267
98.7267
98.7267
98.7267
98.7267
98.7267
98.7267
98.7267
98.7267
98.7267
98.7267
98.7267
98.7267
98.7267
98.7267
98.7267
98.7267
98.7267
98.7267
98.7267
98.7267
98.7267
98.7267
98.7267
98.7267
98.7267
98.7267
98.7267
98.7267
98.7267
98.7267
98.7267
98.7267
98.7267
98.7267
98.7267
98.7267
98.7267
98.7267
98.7267
98.7267
98.7267
98.7267
98.7267
98.7267
98.7267
98.7267
98.7267
98.7267
98.7267
98.7267
98.7267
98.7267
98.7267
98.7267
98.7267
98.7267
98.7267
98.7267
98.7267
98.7267
98.7267
98.7267
98.7267
98.7267
98.7267
98.7267
98.7267
98.7267
98.7267
98.7267
98.7267
98.7267
98.7267
98.7267
98.7267
98.7267
98.7267
98.7267
98.7267
98.7267
98.7267
98.7267
98.7267
98.7267
98.7267
98.7267
98.7267
98.7267
98.7267
98.7267
98.7267
98.7267
98.7267
98.7267
98.7267
98.7267
98.7267
98.7267
98.7267
98.7267
98.7267
98.7267
98.7267
98.7267
98.7267
98.7267
98.7267
98.7267
98.7267
98.7267
98.7267
98.7267
98.7267
98.7267
98.7267
98.7267
98.7267
98.7267
98.7267
98.7267
98.7267
98.7267
98.7267
98.7267
98.7267
98.7267
98.7267
98.7267
98.7267
98.7267
98.7267
98.7267
98.7267
98.7267
98.7267
98.7267
98.7267
91.5855

