81.17896674492575
81.17896674492575
81.17896674492575
81.17896674492575
81.17896674492575
81.17896674492575
97.56623857111984
97.69693910324622
98.38473888483831
98.41481658959998
98.41481658959998
98.41481658959998
98.41481658959998
98.68972285552897
98.71464328628608
98.71464328628608
98.71464328628608
98.71464328628608
98.71464328628608
98.71464328628608
98.71464328628608
98.71464328628608
98.71464328628608
98.71464328628608
98.71464328628608
98.71464328628608
99.03029347960144
99.05073288098889
99.05073288098889
99.05073288098889
99.05073288098889
99.05073288098889
99.05073288098889
99.05073288098889
99.05073288098889
99.05073288098889
99.05073288098889
99.05073288098889
99.05073288098889
99.05073288098889
99.05073288098889
99.05073288098889
99.05073288098889
99.05073288098889
99.17307891310227
99.18957499484785
99.18957499484785
99.18957499484785
99.18957499484785
99.18957499484785
99.18957499484785
99.18957499484785
99.18957499484785
99.23962849332146
99.25260342744555
99.25260342744555
99.25260342744555
99.25260342744555
99.25260342744555
99.25260342744555
99.25260342744555
99.25260342744555
99.25260342744555
99.25260342744555
99.25260342744555
99.25260342744555
99.25260342744555
99.25260342744555
99.25260342744555
99.25260342744555
99.25260342744555
99.27823667184423
99.28801473999837
99.28801473999837
99.28801473999837
99.28801473999837
99.28801473999837
99.28801473999837
99.28801473999837
99.28801473999837
99.28801473999837
99.28801473999837
99.28801473999837
99.28801473999837
99.28801473999837
99.28801473999837
99.28801473999837
99.28801473999837
99.30529549469533
99.31211637135131
99.31211637135131
99.31211637135131
99.31211637135131
99.31211637135131
99.31211637135131
99.31211637135131
99.31211637135131
99.31211637135131
99.31211637135131
99.31211637135131
99.31211637135131
99.31211637135131
99.31211637135131
99.31211637135131
99.31211637135131
99.31211637135131
99.31211637135131
99.31211637135131
99.31211637135131
99.31211637135131
99.31211637135131
99.31211637135131
99.31211637135131
99.31211637135131
99.31211637135131
99.31211637135131
99.31211637135131
99.31211637135131
99.31211637135131
99.31211637135131
99.31211637135131
99.31211637135131
99.31211637135131
99.31211637135131
99.31211637135131
99.31211637135131
99.31211637135131
99.31211637135131
99.31211637135131
99.31211637135131
99.31211637135131
99.31211637135131
99.31211637135131
99.31211637135131
99.31211637135131
99.31211637135131
99.31211637135131
99.31211637135131
99.31211637135131
99.31211637135131
99.31211637135131
99.31211637135131
99.31211637135131
99.31211637135131
99.31211637135131
99.31211637135131
99.31211637135131
99.31211637135131
99.31211637135131
99.31211637135131
99.31211637135131
99.31211637135131
99.31211637135131
99.31211637135131
99.31211637135131
99.31211637135131
99.31211637135131
99.31211637135131
99.31211637135131
99.31211637135131
99.31211637135131
99.31211637135131
99.31211637135131
99.31211637135131
99.31211637135131
99.31211637135131
99.31211637135131
99.31211637135131
99.31211637135131
99.31211637135131
99.31211637135131
99.31211637135131
99.31211637135131
99.31211637135131
99.31211637135131
99.31211637135131
99.31211637135131
99.31211637135131
99.31211637135131
99.31211637135131
99.31211637135131
99.31211637135131
99.31211637135131
99.31211637135131
99.31211637135131
99.31211637135131
99.31211637135131
99.31211637135131
99.31211637135131
99.31211637135131
99.31211637135131
99.31211637135131
99.31211637135131
99.31211637135131
99.31211637135131
99.31211637135131
99.31211637135131
99.31211637135131
99.31211637135131
99.31211637135131
99.31211637135131
99.31211637135131
99.31211637135131
99.31211637135131
99.31211637135131
99.31211637135131
99.31211637135131
99.31211637135131
99.31211637135131
99.31211637135131
99.31211637135131
99.31211637135131
99.31211637135131
99.31211637135131
99.31211637135131
99.31211637135131
99.31211637135131
99.31211637135131
99.31211637135131
99.31211637135131
99.31211637135131
99.31211637135131
99.31211637135131
99.31211637135131
99.31211637135131
99.31211637135131
99.31211637135131
99.31211637135131
99.31211637135131
99.31211637135131
99.31211637135131
99.31211637135131
99.31211637135131
99.31211637135131
99.31211637135131
99.31211637135131
99.31211637135131
99.31211637135131
99.31211637135131
99.31211637135131
99.31211637135131
99.31211637135131
99.31211637135131
99.31211637135131
99.31211637135131
99.31211637135131
99.31211637135131
99.31211637135131
99.31211637135131
99.31211637135131
99.31211637135131
99.31211637135131
99.31211637135131
99.31211637135131
99.31211637135131
99.31211637135131
99.31211637135131
99.31211637135131
99.31211637135131
99.31211637135131
99.31211637135131
99.31211637135131
99.31211637135131
99.31211637135131
99.31211637135131
99.31211637135131
99.65999681172013

