239.9819
239.9819
239.9819
239.9819
239.9819
239.9819
239.9819
239.9819
195.7508
195.7508
195.7508
195.7508
195.7508
195.7508
195.7508
195.7508
195.7508
175.4327
175.4327
175.4327
175.4327
175.4327
175.4327
175.4327
175.4327
175.4327
175.4327
175.4327
175.4327
175.4327
175.4327
175.4327
175.4327
175.4327
175.4327
138.6852
138.6852
138.6852
138.6852
138.6852
138.6852
138.6852
138.6852
138.6852
124.3558
124.3558
124.3558
124.3558
124.3558
124.3558
124.3558
124.3558
124.3558
116.421
116.421
116.421
116.421
116.421
116.421
116.421
116.421
116.421
116.421
116.421
116.421
116.421
116.421
116.421
116.421
116.421
116.421
116.421
116.421
116.421
116.421
116.421
116.421
116.421
116.421
116.421
116.421
116.421
116.421
116.421
116.421
116.421
116.421
116.421
111.2969
111.2969
111.2969
111.2969
111.2969
111.2969
111.2969
111.2969
111.2969
111.2969
111.2969
91.5855
91.5855
91.5855
91.5855
91.5855
91.5855
91.5855
91.5855
91.5855
91.5855
91.5855
91.5855
91.5855
91.5855
91.5855
91.5855
91.5855
91.5855
91.5855
91.5855
91.5855
91.5855
91.5855
91.5855
91.5855
91.5855
91.5855
91.5855
91.5855
91.5855
91.5855
91.5855
91.5855
91.5855
91.5855
91.5855
91.5855
91.5855
91.5855
91.5855
91.5855
91.5855
91.5855
91.5855
91.5855
91.5855
91.5855
91.5855
91.5855
91.5855
91.5855
91.5855
91.5855
91.5855
91.5855
91.5855
91.5855
91.5855
91.5855
91.5855
91.5855
91.5855
91.5855
91.5855
91.5855
91.5855
91.5855
91.5855
91.5855
91.5855
91.5855
91.5855
91.5855
91.5855
91.5855
91.5855
91.5855
91.5855
91.5855
91.5855
91.5855
91.5855
91.5855
91.5855
91.5855
91.5855
91.5855
91.5855
91.5855
91.5855
91.5855
91.5855
91.5855
91.5855
91.5855
91.5855
91.5855
91.5855
91.5855
91.5855
91.5855
91.5855
91.5855
91.5855
91.5855
91.5855
91.5855
91.5855
91.5855
91.5855
91.5855
91.5855
91.5855
91.5855
91.5855
91.5855
91.5855
91.5855
91.5855
91.5855
91.5855
91.5855
91.5855
91.5855
91.5855
91.5855
91.5855
91.5855
91.5855
91.5855
91.5855
91.5855
91.5855
91.5855
91.5855
91.5855
91.5855
91.5855
91.5855
91.5855
91.5855
91.5855
91.5855
91.5855
91.5855
91.5855
91.5855
91.5855
91.5855
91.5855
91.5855
91.5855
91.5855
91.5855
91.5855
91.5855
91.5855
91.5855
91.5855
91.5855
91.5855
91.5855
91.5855
91.5855
91.5855
91.5855
91.5855
91.5855

