79.5290629302179
79.5290629302179
79.5290629302179
79.5290629302179
79.5290629302179
79.5290629302179
79.5290629302179
79.5290629302179
95.96077092596038
96.09147145808679
96.09147145808679
96.09147145808679
96.09147145808679
96.09147145808679
96.09147145808679
96.09147145808679
96.09147145808679
97.53453889256083
97.5895370280796
97.5895370280796
97.5895370280796
97.5895370280796
97.5895370280796
97.5895370280796
97.5895370280796
97.5895370280796
97.5895370280796
97.5895370280796
97.5895370280796
97.5895370280796
97.5895370280796
97.5895370280796
97.5895370280796
97.5895370280796
97.5895370280796
98.76824346266395
98.80517894579698
98.80517894579698
98.80517894579698
98.80517894579698
98.80517894579698
98.80517894579698
98.80517894579698
98.80517894579698
99.03937995273475
99.05235488685884
99.05235488685884
99.05235488685884
99.05235488685884
99.05235488685884
99.05235488685884
99.05235488685884
99.05235488685884
99.14987516290468
99.15965323105884
99.15965323105884
99.15965323105884
99.15965323105884
99.15965323105884
99.15965323105884
99.15965323105884
99.15965323105884
99.15965323105884
99.15965323105884
99.15965323105884
99.15965323105884
99.15965323105884
99.15965323105884
99.15965323105884
99.15965323105884
99.15965323105884
99.15965323105884
99.15965323105884
99.15965323105884
99.15965323105884
99.15965323105884
99.15965323105884
99.15965323105884
99.15965323105884
99.15965323105884
99.15965323105884
99.15965323105884
99.15965323105884
99.15965323105884
99.15965323105884
99.15965323105884
99.15965323105884
99.15965323105884
99.2123279971261
99.21914887378207
99.21914887378207
99.21914887378207
99.21914887378207
99.21914887378207
99.21914887378207
99.21914887378207
99.21914887378207
99.21914887378207
99.21914887378207
99.65999681172013
100.0
100.0
100.0
100.0
100.0
100.0
100.0
100.0
100.0
100.0
100.0
100.0
100.0
100.0
100.0
100.0
100.0
100.0
100.0
100.0
100.0
100.0
100.0
100.0
100.0
100.0
100.0
100.0
100.0
100.0
100.0
100.0
100.0
100.0
100.0
100.0
100.0
100.0
100.0
100.0
100.0
100.0
100.0
100.0
100.0
100.0
100.0
100.0
100.0
100.0
100.0
100.0
100.0
100.0
100.0
100.0
100.0
100.0
100.0
100.0
100.0
100.0
100.0
100.0
100.0
100.0
100.0
100.0
100.0
100.0
100.0
100.0
100.0
100.0
100.0
100.0
100.0
100.0
100.0
100.0
100.0
100.0
100.0
100.0
100.0
100.0
100.0
100.0
100.0
100.0
100.0
100.0
100.0
100.0
100.0
100.0
100.0
100.0
100.0
100.0
100.0
100.0
100.0
100.0
100.0
100.0
100.0
100.0
100.0
100.0
100.0
100.0
100.0
100.0
100.0
100.0
100.0
100.0
100.0
100.0
100.0
100.0
100.0
100.0
100.0
100.0
100.0
100.0
100.0
100.0
100.0
100.0
100.0
100.0
100.0
100.0
100.0
100.0
100.0
100.0
100.0
100.0
100.0
100.0
100.0
100.0
100.0
100.0
100.0
100.0
100.0
100.0
100.0
100.0
100.0
100.0
100.0
100.0
100.0
100.0
100.0
100.0
100.0
100.0
100.0
100.0
100.0

