239.9819
239.9819
239.9819
239.9819
239.9819
239.9819
239.9819
239.9819
195.7508
195.7508
195.7508
195.7508
195.7508
195.7508
195.7508
195.7508
195.7508
175.4327
175.4327
175.4327
175.4327
175.4327
175.4327
175.4327
175.4327
175.4327
149.8605
149.8605
149.8605
149.8605
149.8605
149.8605
149.8605
149.8605
149.8605
133.581
133.581
133.581
133.581
133.581
133.581
133.581
133.581
133.581
120.2292
120.2292
120.2292
120.2292
120.2292
120.2292
120.2292
120.2292
120.2292
112.9272
112.9272
112.9272
112.9272
112.9272
112.9272
112.9272
112.9272
112.9272
112.9272
112.9272
112.9272
112.9272
112.9272
112.9272
112.9272
112.9272
112.9272
112.9272
112.9272
112.9272
112.9272
112.9272
112.9272
112.9272
112.9272
112.9272
112.9272
112.9272
112.9272
112.9272
112.9272
112.9272
112.9272
112.9272
108.265
108.265
108.265
108.265
108.265
108.265
108.265
108.265
108.265
108.265
108.265
98.7267
98.7267
98.7267
98.7267
98.7267
98.7267
98.7267
98.7267
98.7267
98.7267
98.7267
98.7267
98.7267
98.7267
98.7267
98.7267
98.7267
98.7267
98.7267
98.7267
98.7267
98.7267
98.7267
98.7267
98.7267
98.7267
98.7267
98.7267
98.7267
98.7267
98.7267
98.7267
98.7267
98.7267
91.5855
91.5855
91.5855
91.5855
91.5855
91.5855
91.5855
91.5855
91.5855
91.5855
91.5855
91.5855
91.5855
91.5855
91.5855
91.5855
91.5855
91.5855
91.5855
91.5855
91.5855
91.5855
91.5855
91.5855
91.5855
91.5855
91.5855
91.5855
91.5855
91.5855
91.5855
91.5855
91.5855
91.5855
91.5855
91.5855
91.5855
91.5855
91.5855
91.5855
91.5855
91.5855
91.5855
91.5855
91.5855
91.5855
91.5855
91.5855
91.5855
91.5855
91.5855
91.5855
91.5855
91.5855
91.5855
91.5855
91.5855
91.5855
91.5855
91.5855
91.5855
91.5855
91.5855
91.5855
91.5855
91.5855
91.5855
91.5855
91.5855
91.5855
91.5855
91.5855
91.5855
91.5855
91.5855
91.5855
91.5855
91.5855
91.5855
91.5855
91.5855
91.5855
91.5855
91.5855
91.5855
91.5855
91.5855
91.5855
91.5855
91.5855
91.5855
91.5855
91.5855
91.5855
91.5855
91.5855
91.5855
91.5855
91.5855
91.5855
91.5855
91.5855
91.5855
91.5855
91.5855
91.5855
91.5855
91.5855
91.5855
91.5855
91.5855
91.5855
91.5855
91.5855
91.5855
91.5855
91.5855
91.5855
91.5855
91.5855
91.5855
91.5855
91.5855
91.5855
91.5855
91.5855
91.5855
91.5855
91.5855
91.5855
91.5855
91.5855
91.5855
91.5855

