67.70833333333333
67.70833333333333
67.70833333333333
67.70833333333333
67.70833333333333
67.70833333333333
67.70833333333333
67.70833333333333
48.958333333333336
48.958333333333336
48.958333333333336
48.958333333333336
48.958333333333336
48.958333333333336
48.958333333333336
48.958333333333336
48.958333333333336
42.708333333333336
42.708333333333336
42.708333333333336
42.708333333333336
42.708333333333336
42.708333333333336
42.708333333333336
42.708333333333336
42.708333333333336
34.375
34.375
34.375
34.375
34.375
34.375
34.375
34.375
34.375
28.125
28.125
28.125
28.125
28.125
28.125
28.125
28.125
28.125
21.875
21.875
21.875
21.875
21.875
21.875
21.875
21.875
21.875
17.708333333333332
17.708333333333332
17.708333333333332
17.708333333333332
17.708333333333332
17.708333333333332
17.708333333333332
17.708333333333332
17.708333333333332
17.708333333333332
17.708333333333332
17.708333333333332
17.708333333333332
17.708333333333332
17.708333333333332
17.708333333333332
17.708333333333332
17.708333333333332
17.708333333333332
17.708333333333332
17.708333333333332
17.708333333333332
17.708333333333332
17.708333333333332
17.708333333333332
17.708333333333332
17.708333333333332
17.708333333333332
17.708333333333332
17.708333333333332
17.708333333333332
17.708333333333332
17.708333333333332
17.708333333333332
17.708333333333332
14.583333333333334
14.583333333333334
14.583333333333334
14.583333333333334
14.583333333333334
14.583333333333334
14.583333333333334
14.583333333333334
14.583333333333334
14.583333333333334
14.583333333333334
6.25
6.25
6.25
6.25
6.25
6.25
6.25
6.25
6.25
6.25
6.25
6.25
6.25
6.25
6.25
6.25
6.25
6.25
6.25
6.25
6.25
6.25
6.25
6.25
6.25
6.25
6.25
6.25
6.25
6.25
6.25
6.25
6.25
6.25
0.0
0.0
0.0
0.0
0.0
0.0
0.0
0.0
0.0
0.0
0.0
0.0
0.0
0.0
0.0
0.0
0.0
0.0
0.0
0.0
0.0
0.0
0.0
0.0
0.0
0.0
0.0
0.0
0.0
0.0
0.0
0.0
0.0
0.0
0.0
0.0
0.0
0.0
0.0
0.0
0.0
0.0
0.0
0.0
0.0
0.0
0.0
0.0
0.0
0.0
0.0
0.0
0.0
0.0
0.0
0.0
0.0
0.0
0.0
0.0
0.0
0.0
0.0
0.0
0.0
0.0
0.0
0.0
0.0
0.0
0.0
0.0
0.0
0.0
0.0
0.0
0.0
0.0
0.0
0.0
0.0
0.0
0.0
0.0
0.0
0.0
0.0
0.0
0.0
0.0
0.0
0.0
0.0
0.0
0.0
0.0
0.0
0.0
0.0
0.0
0.0
0.0
0.0
0.0
0.0
0.0
0.0
0.0
0.0
0.0
0.0
0.0
0.0
0.0
0.0
0.0
0.0
0.0
0.0
0.0
0.0
0.0
0.0
0.0
0.0
0.0
0.0
0.0
0.0
0.0
0.0
0.0
0.0
0.0

