195.7508
195.7508
195.7508
195.7508
195.7508
195.7508
195.7508
195.7508
175.4327
175.4327
175.4327
175.4327
175.4327
162.2097
162.2097
162.2097
162.2097
136.0921
136.0921
136.0921
136.0921
136.0921
136.0921
136.0921
136.0921
136.0921
136.0921
136.0921
136.0921
136.0921
136.0921
136.0921
136.0921
136.0921
136.0921
122.2524
122.2524
122.2524
122.2524
122.2524
122.2524
122.2524
122.2524
122.2524
111.2969
111.2969
111.2969
111.2969
111.2969
111.2969
111.2969
111.2969
111.2969
105.5281
105.5281
105.5281
105.5281
105.5281
105.5281
105.5281
105.5281
105.5281
105.5281
105.5281
105.5281
105.5281
105.5281
105.5281
105.5281
105.5281
105.5281
101.918
101.918
101.918
101.918
101.918
101.918
101.918
101.918
101.918
101.918
101.918
101.918
101.918
101.918
101.918
101.918
101.918
98.7267
98.7267
98.7267
98.7267
98.7267
98.7267
98.7267
98.7267
98.7267
98.7267
98.7267
98.7267
98.7267
98.7267
98.7267
98.7267
98.7267
98.7267
98.7267
98.7267
98.7267
98.7267
98.7267
98.7267
98.7267
98.7267
98.7267
98.7267
98.7267
98.7267
98.7267
98.7267
98.7267
98.7267
98.7267
98.7267
98.7267
98.7267
98.7267
98.7267
98.7267
98.7267
98.7267
98.7267
98.7267
98.7267
98.7267
98.7267
98.7267
98.7267
98.7267
98.7267
98.7267
98.7267
98.7267
98.7267
98.7267
98.7267
98.7267
98.7267
98.7267
98.7267
98.7267
98.7267
98.7267
98.7267
98.7267
98.7267
98.7267
98.7267
98.7267
98.7267
98.7267
98.7267
98.7267
98.7267
98.7267
98.7267
98.7267
98.7267
98.7267
98.7267
98.7267
98.7267
98.7267
98.7267
98.7267
98.7267
98.7267
98.7267
98.7267
98.7267
98.7267
98.7267
98.7267
98.7267
98.7267
98.7267
98.7267
98.7267
98.7267
98.7267
98.7267
98.7267
98.7267
98.7267
98.7267
98.7267
98.7267
98.7267
98.7267
98.7267
98.7267
98.7267
98.7267
98.7267
98.7267
98.7267
98.7267
98.7267
98.7267
98.7267
98.7267
98.7267
98.7267
98.7267
98.7267
98.7267
98.7267
98.7267
98.7267
98.7267
98.7267
98.7267
98.7267
98.7267
98.7267
98.7267
98.7267
98.7267
98.7267
98.7267
98.7267
98.7267
98.7267
98.7267
98.7267
98.7267
98.7267
98.7267
98.7267
98.7267
98.7267
98.7267
98.7267
98.7267
98.7267
98.7267
98.7267
98.7267
98.7267
98.7267
98.7267
98.7267
98.7267
98.7267
98.7267
98.7267
98.7267
98.7267
98.7267
98.7267
98.7267
98.7267
98.7267
98.7267
98.7267
98.7267
91.5855

