95.96077092596038
95.96077092596038
95.96077092596038
95.96077092596038
95.96077092596038
95.96077092596038
95.96077092596038
95.96077092596038
97.40383836043442
97.45532776041401
97.45532776041401
97.45532776041401
97.45532776041401
98.01421093172252
98.05734265639
98.05734265639
98.05734265639
98.72589138206243
98.81696892506051
98.81696892506051
98.81696892506051
98.81696892506051
98.81696892506051
98.81696892506051
98.81696892506051
98.81696892506051
98.81696892506051
98.81696892506051
98.81696892506051
98.81696892506051
98.81696892506051
98.81696892506051
98.81696892506051
98.81696892506051
98.81696892506051
99.03029347960144
99.05073288098889
99.05073288098889
99.05073288098889
99.05073288098889
99.05073288098889
99.05073288098889
99.05073288098889
99.05073288098889
99.17307891310227
99.18957499484785
99.18957499484785
99.18957499484785
99.18957499484785
99.18957499484785
99.18957499484785
99.18957499484785
99.18957499484785
99.23962849332146
99.25260342744555
99.25260342744555
99.25260342744555
99.25260342744555
99.25260342744555
99.25260342744555
99.25260342744555
99.25260342744555
99.25260342744555
99.25260342744555
99.25260342744555
99.25260342744555
99.25260342744555
99.25260342744555
99.25260342744555
99.25260342744555
99.25260342744555
99.27823667184423
99.28801473999837
99.28801473999837
99.28801473999837
99.28801473999837
99.28801473999837
99.28801473999837
99.28801473999837
99.28801473999837
99.28801473999837
99.28801473999837
99.28801473999837
99.28801473999837
99.28801473999837
99.28801473999837
99.28801473999837
99.28801473999837
99.30529549469533
99.31211637135131
99.31211637135131
99.31211637135131
99.31211637135131
99.31211637135131
99.31211637135131
99.31211637135131
99.31211637135131
99.31211637135131
99.31211637135131
99.31211637135131
99.31211637135131
99.31211637135131
99.31211637135131
99.31211637135131
99.31211637135131
99.31211637135131
99.31211637135131
99.31211637135131
99.31211637135131
99.31211637135131
99.31211637135131
99.31211637135131
99.31211637135131
99.31211637135131
99.31211637135131
99.31211637135131
99.31211637135131
99.31211637135131
99.31211637135131
99.31211637135131
99.31211637135131
99.31211637135131
99.31211637135131
99.31211637135131
99.31211637135131
99.31211637135131
99.31211637135131
99.31211637135131
99.31211637135131
99.31211637135131
99.31211637135131
99.31211637135131
99.31211637135131
99.31211637135131
99.31211637135131
99.31211637135131
99.31211637135131
99.31211637135131
99.31211637135131
99.31211637135131
99.31211637135131
99.31211637135131
99.31211637135131
99.31211637135131
99.31211637135131
99.31211637135131
99.31211637135131
99.31211637135131
99.31211637135131
99.31211637135131
99.31211637135131
99.31211637135131
99.31211637135131
99.31211637135131
99.31211637135131
99.31211637135131
99.31211637135131
99.31211637135131
99.31211637135131
99.31211637135131
99.31211637135131
99.31211637135131
99.31211637135131
99.31211637135131
99.31211637135131
99.31211637135131
99.31211637135131
99.31211637135131
99.31211637135131
99.31211637135131
99.31211637135131
99.31211637135131
99.31211637135131
99.31211637135131
99.31211637135131
99.31211637135131
99.31211637135131
99.31211637135131
99.31211637135131
99.31211637135131
99.31211637135131
99.31211637135131
99.31211637135131
99.31211637135131
99.31211637135131
99.31211637135131
99.31211637135131
99.31211637135131
99.31211637135131
99.31211637135131
99.31211637135131
99.31211637135131
99.31211637135131
99.31211637135131
99.31211637135131
99.31211637135131
99.31211637135131
99.31211637135131
99.31211637135131
99.31211637135131
99.31211637135131
99.31211637135131
99.31211637135131
99.31211637135131
99.31211637135131
99.31211637135131
99.31211637135131
99.31211637135131
99.31211637135131
99.31211637135131
99.31211637135131
99.31211637135131
99.31211637135131
99.31211637135131
99.31211637135131
99.31211637135131
99.31211637135131
99.31211637135131
99.31211637135131
99.31211637135131
99.31211637135131
99.31211637135131
99.31211637135131
99.31211637135131
99.31211637135131
99.31211637135131
99.31211637135131
99.31211637135131
99.31211637135131
99.31211637135131
99.31211637135131
99.31211637135131
99.31211637135131
99.31211637135131
99.31211637135131
99.31211637135131
99.31211637135131
99.31211637135131
99.31211637135131
99.31211637135131
99.31211637135131
99.31211637135131
99.31211637135131
99.31211637135131
99.31211637135131
99.31211637135131
99.31211637135131
99.31211637135131
99.31211637135131
99.31211637135131
99.31211637135131
99.31211637135131
99.31211637135131
99.31211637135131
99.31211637135131
99.31211637135131
99.31211637135131
99.31211637135131
99.31211637135131
99.31211637135131
99.31211637135131
99.31211637135131
99.31211637135131
99.31211637135131
99.31211637135131
99.31211637135131
99.65999681172013

