238.5347
238.5347
238.5347
238.5347
238.5347
238.5347
172.0693
172.0693
172.0693
172.0693
172.0693
172.0693
172.0693
159.0253
159.0253
159.0253
159.0253
149.8605
149.8605
149.8605
149.8605
149.8605
149.8605
149.8605
149.8605
149.8605
128.8051
128.8051
128.8051
128.8051
128.8051
128.8051
128.8051
128.8051
128.8051
128.8051
128.8051
128.8051
128.8051
128.8051
128.8051
128.8051
128.8051
128.8051
116.421
116.421
116.421
116.421
116.421
116.421
116.421
116.421
116.421
109.7432
109.7432
109.7432
109.7432
109.7432
109.7432
109.7432
109.7432
109.7432
109.7432
109.7432
109.7432
109.7432
109.7432
109.7432
109.7432
109.7432
109.7432
105.5281
105.5281
105.5281
105.5281
105.5281
105.5281
105.5281
105.5281
105.5281
105.5281
105.5281
105.5281
105.5281
105.5281
105.5281
105.5281
105.5281
101.918
101.918
101.918
101.918
101.918
101.918
101.918
101.918
101.918
101.918
101.918
101.918
101.918
101.918
101.918
101.918
101.918
101.918
101.918
101.918
101.918
101.918
101.918
101.918
101.918
101.918
101.918
101.918
101.918
101.918
101.918
101.918
101.918
101.918
101.918
101.918
101.918
101.918
101.918
101.918
101.918
101.918
101.918
101.918
101.918
95.5448
95.5448
95.5448
95.5448
95.5448
95.5448
95.5448
95.5448
95.5448
95.5448
95.5448
95.5448
95.5448
95.5448
95.5448
95.5448
95.5448
95.5448
95.5448
95.5448
95.5448
95.5448
95.5448
95.5448
95.5448
95.5448
95.5448
95.5448
95.5448
95.5448
95.5448
95.5448
95.5448
95.5448
95.5448
95.5448
95.5448
95.5448
95.5448
95.5448
95.5448
95.5448
95.5448
95.5448
95.5448
95.5448
95.5448
95.5448
95.5448
95.5448
95.5448
95.5448
95.5448
95.5448
95.5448
95.5448
95.5448
95.5448
95.5448
95.5448
95.5448
95.5448
95.5448
95.5448
95.5448
95.5448
95.5448
95.5448
95.5448
95.5448
95.5448
95.5448
95.5448
95.5448
95.5448
95.5448
95.5448
95.5448
95.5448
95.5448
95.5448
95.5448
95.5448
95.5448
95.5448
95.5448
95.5448
95.5448
95.5448
95.5448
95.5448
95.5448
95.5448
95.5448
95.5448
95.5448
95.5448
95.5448
95.5448
95.5448
95.5448
95.5448
95.5448
95.5448
95.5448
95.5448
95.5448
95.5448
95.5448
95.5448
95.5448
95.5448
95.5448
95.5448
95.5448
95.5448
95.5448
95.5448
95.5448
95.5448
95.5448
95.5448
95.5448
95.5448
95.5448
95.5448
95.5448
95.5448
95.5448
95.5448
95.5448
95.5448
95.5448
91.5855

