81.17896674492575
81.17896674492575
81.17896674492575
81.17896674492575
81.17896674492575
81.17896674492575
97.56623857111984
97.69693910324622
97.69693910324622
97.69693910324622
97.69693910324622
97.69693910324622
97.69693910324622
98.20052515486195
98.23060285962362
98.23060285962362
98.23060285962362
98.49397878021213
98.51889921096924
98.51889921096924
98.51889921096924
98.51889921096924
98.51889921096924
98.51889921096924
98.51889921096924
98.51889921096924
98.93840671357465
98.95884611496211
98.95884611496211
98.95884611496211
98.95884611496211
98.95884611496211
98.95884611496211
98.95884611496211
98.95884611496211
98.95884611496211
98.95884611496211
98.95884611496211
98.95884611496211
98.95884611496211
98.95884611496211
98.95884611496211
98.95884611496211
98.95884611496211
99.12040414703502
99.13690022878059
99.13690022878059
99.13690022878059
99.13690022878059
99.13690022878059
99.13690022878059
99.13690022878059
99.13690022878059
99.20403288237245
99.21700781649653
99.21700781649653
99.21700781649653
99.21700781649653
99.21700781649653
99.21700781649653
99.21700781649653
99.21700781649653
99.21700781649653
99.21700781649653
99.21700781649653
99.21700781649653
99.21700781649653
99.21700781649653
99.21700781649653
99.21700781649653
99.21700781649653
99.25260342744555
99.26238149559971
99.26238149559971
99.26238149559971
99.26238149559971
99.26238149559971
99.26238149559971
99.26238149559971
99.26238149559971
99.26238149559971
99.26238149559971
99.26238149559971
99.26238149559971
99.26238149559971
99.26238149559971
99.26238149559971
99.26238149559971
99.28801473999837
99.29483561665435
99.29483561665435
99.29483561665435
99.29483561665435
99.29483561665435
99.29483561665435
99.29483561665435
99.29483561665435
99.29483561665435
99.29483561665435
99.29483561665435
99.29483561665435
99.29483561665435
99.29483561665435
99.29483561665435
99.29483561665435
99.29483561665435
99.29483561665435
99.29483561665435
99.29483561665435
99.29483561665435
99.29483561665435
99.29483561665435
99.29483561665435
99.29483561665435
99.29483561665435
99.29483561665435
99.29483561665435
99.29483561665435
99.29483561665435
99.29483561665435
99.29483561665435
99.29483561665435
99.29483561665435
99.29483561665435
99.29483561665435
99.29483561665435
99.29483561665435
99.29483561665435
99.29483561665435
99.29483561665435
99.29483561665435
99.29483561665435
99.29483561665435
99.32209245639623
99.32612086009316
99.32612086009316
99.32612086009316
99.32612086009316
99.32612086009316
99.32612086009316
99.32612086009316
99.32612086009316
99.32612086009316
99.32612086009316
99.32612086009316
99.32612086009316
99.32612086009316
99.32612086009316
99.32612086009316
99.32612086009316
99.32612086009316
99.32612086009316
99.32612086009316
99.32612086009316
99.32612086009316
99.32612086009316
99.32612086009316
99.32612086009316
99.32612086009316
99.32612086009316
99.32612086009316
99.32612086009316
99.32612086009316
99.32612086009316
99.32612086009316
99.32612086009316
99.32612086009316
99.32612086009316
99.32612086009316
99.32612086009316
99.32612086009316
99.32612086009316
99.32612086009316
99.32612086009316
99.32612086009316
99.32612086009316
99.32612086009316
99.32612086009316
99.32612086009316
99.32612086009316
99.32612086009316
99.32612086009316
99.32612086009316
99.32612086009316
99.32612086009316
99.32612086009316
99.32612086009316
99.32612086009316
99.32612086009316
99.32612086009316
99.32612086009316
99.32612086009316
99.32612086009316
99.32612086009316
99.32612086009316
99.32612086009316
99.32612086009316
99.32612086009316
99.32612086009316
99.32612086009316
99.32612086009316
99.32612086009316
99.32612086009316
99.32612086009316
99.32612086009316
99.32612086009316
99.32612086009316
99.32612086009316
99.32612086009316
99.32612086009316
99.32612086009316
99.32612086009316
99.32612086009316
99.32612086009316
99.32612086009316
99.32612086009316
99.32612086009316
99.32612086009316
99.32612086009316
99.32612086009316
99.32612086009316
99.32612086009316
99.32612086009316
99.32612086009316
99.32612086009316
99.32612086009316
99.32612086009316
99.32612086009316
99.32612086009316
99.32612086009316
99.32612086009316
99.32612086009316
99.32612086009316
99.32612086009316
99.32612086009316
99.32612086009316
99.32612086009316
99.32612086009316
99.32612086009316
99.32612086009316
99.32612086009316
99.32612086009316
99.32612086009316
99.32612086009316
99.32612086009316
99.32612086009316
99.32612086009316
99.32612086009316
99.32612086009316
99.32612086009316
99.32612086009316
99.32612086009316
99.32612086009316
99.32612086009316
99.32612086009316
99.32612086009316
99.32612086009316
99.32612086009316
99.32612086009316
99.32612086009316
99.32612086009316
99.32612086009316
99.32612086009316
99.32612086009316
99.32612086009316
99.32612086009316
99.66402521541707

