243.8472
243.8472
243.8472
243.8472
243.8472
243.8472
231.621
231.621
231.621
231.621
231.621
231.621
231.621
222.6312
222.6312
222.6312
222.6312
205.4938
205.4938
205.4938
205.4938
205.4938
205.4938
205.4938
205.4938
205.4938
178.82
178.82
178.82
178.82
178.82
178.82
178.82
178.82
178.82
159.0253
159.0253
159.0253
159.0253
159.0253
159.0253
159.0253
159.0253
159.0253
114.6351
114.6351
114.6351
114.6351
114.6351
114.6351
114.6351
114.6351
114.6351
108.265
108.265
108.265
108.265
108.265
108.265
108.265
108.265
108.265
108.265
108.265
108.265
108.265
108.265
108.265
108.265
108.265
108.265
108.265
108.265
108.265
108.265
108.265
108.265
108.265
108.265
108.265
108.265
108.265
108.265
108.265
108.265
108.265
108.265
108.265
108.265
108.265
108.265
108.265
108.265
108.265
108.265
108.265
108.265
108.265
108.265
98.7267
98.7267
98.7267
98.7267
98.7267
98.7267
98.7267
98.7267
98.7267
98.7267
98.7267
98.7267
98.7267
98.7267
98.7267
98.7267
98.7267
98.7267
98.7267
98.7267
98.7267
98.7267
98.7267
98.7267
98.7267
98.7267
98.7267
98.7267
98.7267
98.7267
98.7267
98.7267
98.7267
98.7267
91.5855
91.5855
91.5855
91.5855
91.5855
91.5855
91.5855
91.5855
91.5855
91.5855
91.5855
91.5855
91.5855
91.5855
91.5855
91.5855
91.5855
91.5855
91.5855
91.5855
91.5855
91.5855
91.5855
91.5855
91.5855
91.5855
91.5855
91.5855
91.5855
91.5855
91.5855
91.5855
91.5855
91.5855
91.5855
91.5855
91.5855
91.5855
91.5855
91.5855
91.5855
91.5855
91.5855
91.5855
91.5855
91.5855
91.5855
91.5855
91.5855
91.5855
91.5855
91.5855
91.5855
91.5855
91.5855
91.5855
91.5855
91.5855
91.5855
91.5855
91.5855
91.5855
91.5855
91.5855
91.5855
91.5855
91.5855
91.5855
91.5855
91.5855
91.5855
91.5855
91.5855
91.5855
91.5855
91.5855
91.5855
91.5855
91.5855
91.5855
91.5855
91.5855
91.5855
91.5855
91.5855
91.5855
91.5855
91.5855
91.5855
91.5855
91.5855
91.5855
91.5855
91.5855
91.5855
91.5855
91.5855
91.5855
91.5855
91.5855
91.5855
91.5855
91.5855
91.5855
91.5855
91.5855
91.5855
91.5855
91.5855
91.5855
91.5855
91.5855
91.5855
91.5855
91.5855
91.5855
91.5855
91.5855
91.5855
91.5855
91.5855
91.5855
91.5855
91.5855
91.5855
91.5855
91.5855
91.5855
91.5855
91.5855
91.5855
91.5855
91.5855
91.5855

