74.19078034376795
74.19078034376795
74.19078034376795
74.19078034376795
74.19078034376795
74.19078034376795
86.86214943774408
86.91363883772365
86.91363883772365
86.91363883772365
86.91363883772365
86.91363883772365
86.91363883772365
91.0407678940582
91.08389961872572
91.08389961872572
91.08389961872572
94.89350804526572
94.9596651575067
94.9596651575067
94.9596651575067
94.9596651575067
94.9596651575067
94.9596651575067
94.9596651575067
94.9596651575067
97.38401398687236
97.40893441762947
97.40893441762947
97.40893441762947
97.40893441762947
97.40893441762947
97.40893441762947
97.40893441762947
97.40893441762947
98.25552329038072
98.27596269176817
98.27596269176817
98.27596269176817
98.27596269176817
98.27596269176817
98.27596269176817
98.27596269176817
98.27596269176817
99.13964119250058
99.17889027652438
99.17889027652438
99.17889027652438
99.17889027652438
99.17889027652438
99.17889027652438
99.17889027652438
99.17889027652438
99.23988502569776
99.24670590235374
99.24670590235374
99.24670590235374
99.24670590235374
99.24670590235374
99.24670590235374
99.24670590235374
99.24670590235374
99.24670590235374
99.24670590235374
99.24670590235374
99.24670590235374
99.24670590235374
99.24670590235374
99.24670590235374
99.24670590235374
99.24670590235374
99.24670590235374
99.24670590235374
99.24670590235374
99.24670590235374
99.24670590235374
99.24670590235374
99.24670590235374
99.24670590235374
99.24670590235374
99.24670590235374
99.24670590235374
99.24670590235374
99.24670590235374
99.24670590235374
99.24670590235374
99.24670590235374
99.24670590235374
99.24670590235374
99.24670590235374
99.24670590235374
99.24670590235374
99.24670590235374
99.24670590235374
99.24670590235374
99.24670590235374
99.24670590235374
99.24670590235374
99.24670590235374
99.31211637135131
99.31614477504824
99.31614477504824
99.31614477504824
99.31614477504824
99.31614477504824
99.31614477504824
99.31614477504824
99.31614477504824
99.31614477504824
99.31614477504824
99.31614477504824
99.31614477504824
99.31614477504824
99.31614477504824
99.31614477504824
99.31614477504824
99.31614477504824
99.31614477504824
99.31614477504824
99.31614477504824
99.31614477504824
99.31614477504824
99.31614477504824
99.31614477504824
99.31614477504824
99.31614477504824
99.31614477504824
99.31614477504824
99.31614477504824
99.31614477504824
99.31614477504824
99.31614477504824
99.31614477504824
99.66402521541707
100.0
100.0
100.0
100.0
100.0
100.0
100.0
100.0
100.0
100.0
100.0
100.0
100.0
100.0
100.0
100.0
100.0
100.0
100.0
100.0
100.0
100.0
100.0
100.0
100.0
100.0
100.0
100.0
100.0
100.0
100.0
100.0
100.0
100.0
100.0
100.0
100.0
100.0
100.0
100.0
100.0
100.0
100.0
100.0
100.0
100.0
100.0
100.0
100.0
100.0
100.0
100.0
100.0
100.0
100.0
100.0
100.0
100.0
100.0
100.0
100.0
100.0
100.0
100.0
100.0
100.0
100.0
100.0
100.0
100.0
100.0
100.0
100.0
100.0
100.0
100.0
100.0
100.0
100.0
100.0
100.0
100.0
100.0
100.0
100.0
100.0
100.0
100.0
100.0
100.0
100.0
100.0
100.0
100.0
100.0
100.0
100.0
100.0
100.0
100.0
100.0
100.0
100.0
100.0
100.0
100.0
100.0
100.0
100.0
100.0
100.0
100.0
100.0
100.0
100.0
100.0
100.0
100.0
100.0
100.0
100.0
100.0
100.0
100.0
100.0
100.0
100.0
100.0
100.0
100.0
100.0
100.0
100.0

