222.6312
222.6312
222.6312
222.6312
222.6312
222.6312
199.0566
199.0566
178.82
178.82
178.82
178.82
178.82
178.82
178.82
178.82
178.82
159.0253
159.0253
159.0253
159.0253
159.0253
159.0253
159.0253
159.0253
159.0253
136.0921
136.0921
136.0921
136.0921
136.0921
136.0921
136.0921
136.0921
136.0921
136.0921
136.0921
136.0921
136.0921
136.0921
136.0921
136.0921
136.0921
136.0921
122.2524
122.2524
122.2524
122.2524
122.2524
122.2524
122.2524
122.2524
122.2524
114.6351
114.6351
114.6351
114.6351
114.6351
114.6351
114.6351
114.6351
114.6351
114.6351
114.6351
114.6351
114.6351
108.265
108.265
108.265
108.265
108.265
104.2635
104.2635
104.2635
104.2635
104.2635
104.2635
104.2635
104.2635
104.2635
104.2635
104.2635
104.2635
104.2635
104.2635
104.2635
104.2635
104.2635
100.8221
100.8221
100.8221
100.8221
100.8221
100.8221
100.8221
100.8221
100.8221
100.8221
100.8221
100.8221
100.8221
100.8221
100.8221
100.8221
100.8221
100.8221
100.8221
100.8221
100.8221
100.8221
100.8221
100.8221
100.8221
100.8221
100.8221
100.8221
100.8221
100.8221
100.8221
100.8221
100.8221
100.8221
100.8221
100.8221
100.8221
100.8221
100.8221
100.8221
100.8221
100.8221
100.8221
100.8221
100.8221
100.8221
100.8221
100.8221
100.8221
100.8221
100.8221
100.8221
100.8221
100.8221
100.8221
100.8221
100.8221
100.8221
100.8221
100.8221
100.8221
100.8221
100.8221
100.8221
100.8221
100.8221
100.8221
100.8221
100.8221
100.8221
100.8221
100.8221
100.8221
100.8221
100.8221
100.8221
100.8221
100.8221
100.8221
100.8221
100.8221
100.8221
100.8221
100.8221
100.8221
100.8221
100.8221
100.8221
100.8221
100.8221
100.8221
100.8221
100.8221
100.8221
100.8221
100.8221
100.8221
100.8221
100.8221
100.8221
100.8221
100.8221
100.8221
100.8221
100.8221
100.8221
100.8221
100.8221
100.8221
100.8221
100.8221
91.5855
91.5855
91.5855
91.5855
91.5855
91.5855
91.5855
91.5855
91.5855
91.5855
91.5855
91.5855
91.5855
91.5855
91.5855
91.5855
91.5855
91.5855
91.5855
91.5855
91.5855
91.5855
91.5855
91.5855
91.5855
91.5855
91.5855
91.5855
91.5855
91.5855
91.5855
91.5855
91.5855
91.5855
91.5855
91.5855
91.5855
91.5855
91.5855
91.5855
91.5855
91.5855
91.5855
91.5855
91.5855
91.5855
91.5855
91.5855
91.5855
91.5855
91.5855
91.5855
91.5855
91.5855
91.5855
91.5855
91.5855
91.5855
91.5855
91.5855
91.5855
91.5855
91.5855
91.5855
91.5855
91.5855
91.5855
91.5855

