90.98927849407863
90.98927849407863
90.98927849407863
90.98927849407863
90.98927849407863
90.98927849407863
95.61487978094553
95.6663691809251
97.27472514996387
97.31785687463137
97.31785687463137
97.31785687463137
97.31785687463137
97.31785687463137
97.31785687463137
97.31785687463137
97.31785687463137
98.16444574738263
98.23060285962362
98.23060285962362
98.23060285962362
98.23060285962362
98.23060285962362
98.23060285962362
98.23060285962362
98.23060285962362
98.7920484943034
98.81696892506051
98.81696892506051
98.81696892506051
98.81696892506051
98.81696892506051
98.81696892506051
98.81696892506051
98.81696892506051
98.81696892506051
98.81696892506051
98.81696892506051
98.81696892506051
98.81696892506051
98.81696892506051
98.81696892506051
98.81696892506051
98.81696892506051
99.03029347960144
99.05073288098889
99.05073288098889
99.05073288098889
99.05073288098889
99.05073288098889
99.05073288098889
99.05073288098889
99.05073288098889
99.13964119250058
99.15613727424615
99.15613727424615
99.15613727424615
99.15613727424615
99.15613727424615
99.15613727424615
99.15613727424615
99.15613727424615
99.15613727424615
99.15613727424615
99.15613727424615
99.15613727424615
99.21713202341952
99.23010695754361
99.23010695754361
99.23010695754361
99.23010695754361
99.26216219058308
99.27194025873725
99.27194025873725
99.27194025873725
99.27194025873725
99.27194025873725
99.27194025873725
99.27194025873725
99.27194025873725
99.27194025873725
99.27194025873725
99.27194025873725
99.27194025873725
99.27194025873725
99.27194025873725
99.27194025873725
99.27194025873725
99.29464096655506
99.30146184321104
99.30146184321104
99.30146184321104
99.30146184321104
99.30146184321104
99.30146184321104
99.30146184321104
99.30146184321104
99.30146184321104
99.30146184321104
99.30146184321104
99.30146184321104
99.30146184321104
99.30146184321104
99.30146184321104
99.30146184321104
99.30146184321104
99.30146184321104
99.30146184321104
99.30146184321104
99.30146184321104
99.30146184321104
99.30146184321104
99.30146184321104
99.30146184321104
99.30146184321104
99.30146184321104
99.30146184321104
99.30146184321104
99.30146184321104
99.30146184321104
99.30146184321104
99.30146184321104
99.30146184321104
99.30146184321104
99.30146184321104
99.30146184321104
99.30146184321104
99.30146184321104
99.30146184321104
99.30146184321104
99.30146184321104
99.30146184321104
99.30146184321104
99.30146184321104
99.30146184321104
99.30146184321104
99.30146184321104
99.30146184321104
99.30146184321104
99.30146184321104
99.30146184321104
99.30146184321104
99.30146184321104
99.30146184321104
99.30146184321104
99.30146184321104
99.30146184321104
99.30146184321104
99.30146184321104
99.30146184321104
99.30146184321104
99.30146184321104
99.30146184321104
99.30146184321104
99.30146184321104
99.30146184321104
99.30146184321104
99.30146184321104
99.30146184321104
99.30146184321104
99.30146184321104
99.30146184321104
99.30146184321104
99.30146184321104
99.30146184321104
99.30146184321104
99.30146184321104
99.30146184321104
99.30146184321104
99.30146184321104
99.30146184321104
99.30146184321104
99.30146184321104
99.30146184321104
99.30146184321104
99.30146184321104
99.30146184321104
99.30146184321104
99.30146184321104
99.30146184321104
99.30146184321104
99.30146184321104
99.30146184321104
99.30146184321104
99.30146184321104
99.30146184321104
99.30146184321104
99.30146184321104
99.30146184321104
99.30146184321104
99.30146184321104
99.30146184321104
99.30146184321104
99.30146184321104
99.30146184321104
99.30146184321104
99.30146184321104
99.30146184321104
99.30146184321104
99.65999681172013
100.0
100.0
100.0
100.0
100.0
100.0
100.0
100.0
100.0
100.0
100.0
100.0
100.0
100.0
100.0
100.0
100.0
100.0
100.0
100.0
100.0
100.0
100.0
100.0
100.0
100.0
100.0
100.0
100.0
100.0
100.0
100.0
100.0
100.0
100.0
100.0
100.0
100.0
100.0
100.0
100.0
100.0
100.0
100.0
100.0
100.0
100.0
100.0
100.0
100.0
100.0
100.0
100.0
100.0
100.0
100.0
100.0
100.0
100.0
100.0
100.0
100.0
100.0
100.0
100.0
100.0
100.0

