238.5347
238.5347
238.5347
238.5347
238.5347
238.5347
238.5347
238.5347
227.3935
227.3935
227.3935
227.3935
227.3935
227.3935
227.3935
227.3935
227.3935
202.3082
202.3082
202.3082
202.3082
202.3082
202.3082
202.3082
202.3082
202.3082
175.4327
175.4327
175.4327
175.4327
175.4327
175.4327
175.4327
175.4327
175.4327
138.6852
138.6852
138.6852
138.6852
138.6852
138.6852
138.6852
138.6852
138.6852
112.9272
112.9272
112.9272
112.9272
112.9272
112.9272
112.9272
112.9272
112.9272
112.9272
112.9272
112.9272
112.9272
112.9272
112.9272
112.9272
112.9272
112.9272
112.9272
112.9272
112.9272
112.9272
112.9272
112.9272
112.9272
112.9272
112.9272
112.9272
112.9272
112.9272
112.9272
112.9272
112.9272
112.9272
112.9272
112.9272
112.9272
112.9272
112.9272
112.9272
112.9272
112.9272
112.9272
112.9272
108.265
108.265
108.265
108.265
108.265
108.265
108.265
108.265
108.265
108.265
108.265
98.7267
98.7267
98.7267
98.7267
98.7267
98.7267
98.7267
98.7267
98.7267
98.7267
98.7267
98.7267
98.7267
98.7267
98.7267
98.7267
98.7267
98.7267
98.7267
98.7267
98.7267
98.7267
98.7267
98.7267
98.7267
98.7267
98.7267
98.7267
98.7267
98.7267
98.7267
98.7267
98.7267
98.7267
91.5855
91.5855
91.5855
91.5855
91.5855
91.5855
91.5855
91.5855
91.5855
91.5855
91.5855
91.5855
91.5855
91.5855
91.5855
91.5855
91.5855
91.5855
91.5855
91.5855
91.5855
91.5855
91.5855
91.5855
91.5855
91.5855
91.5855
91.5855
91.5855
91.5855
91.5855
91.5855
91.5855
91.5855
91.5855
91.5855
91.5855
91.5855
91.5855
91.5855
91.5855
91.5855
91.5855
91.5855
91.5855
91.5855
91.5855
91.5855
91.5855
91.5855
91.5855
91.5855
91.5855
91.5855
91.5855
91.5855
91.5855
91.5855
91.5855
91.5855
91.5855
91.5855
91.5855
91.5855
91.5855
91.5855
91.5855
91.5855
91.5855
91.5855
91.5855
91.5855
91.5855
91.5855
91.5855
91.5855
91.5855
91.5855
91.5855
91.5855
91.5855
91.5855
91.5855
91.5855
91.5855
91.5855
91.5855
91.5855
91.5855
91.5855
91.5855
91.5855
91.5855
91.5855
91.5855
91.5855
91.5855
91.5855
91.5855
91.5855
91.5855
91.5855
91.5855
91.5855
91.5855
91.5855
91.5855
91.5855
91.5855
91.5855
91.5855
91.5855
91.5855
91.5855
91.5855
91.5855
91.5855
91.5855
91.5855
91.5855
91.5855
91.5855
91.5855
91.5855
91.5855
91.5855
91.5855
91.5855
91.5855
91.5855
91.5855
91.5855
91.5855
91.5855

