81.17896674492575
81.17896674492575
81.17896674492575
81.17896674492575
81.17896674492575
81.17896674492575
81.17896674492575
81.17896674492575
89.11285095489265
89.16434035487222
89.16434035487222
89.16434035487222
89.16434035487222
89.16434035487222
89.16434035487222
89.16434035487222
89.16434035487222
95.28057591783583
95.38986475474434
95.38986475474434
95.38986475474434
95.38986475474434
95.38986475474434
95.38986475474434
95.38986475474434
95.38986475474434
97.5646165973225
97.5895370280796
97.5895370280796
97.5895370280796
97.5895370280796
97.5895370280796
97.5895370280796
97.5895370280796
97.5895370280796
98.76824346266395
98.80517894579698
98.80517894579698
98.80517894579698
98.80517894579698
98.80517894579698
98.80517894579698
98.80517894579698
98.80517894579698
99.17365022250291
99.19640322478116
99.19640322478116
99.19640322478116
99.19640322478116
99.19640322478116
99.19640322478116
99.19640322478116
99.19640322478116
99.19640322478116
99.19640322478116
99.19640322478116
99.19640322478116
99.19640322478116
99.19640322478116
99.19640322478116
99.19640322478116
99.19640322478116
99.19640322478116
99.19640322478116
99.19640322478116
99.19640322478116
99.19640322478116
99.19640322478116
99.19640322478116
99.19640322478116
99.19640322478116
99.19640322478116
99.19640322478116
99.19640322478116
99.19640322478116
99.19640322478116
99.19640322478116
99.19640322478116
99.19640322478116
99.19640322478116
99.19640322478116
99.19640322478116
99.19640322478116
99.19640322478116
99.19640322478116
99.19640322478116
99.19640322478116
99.19640322478116
99.23988502569776
99.24670590235374
99.24670590235374
99.24670590235374
99.24670590235374
99.24670590235374
99.24670590235374
99.24670590235374
99.24670590235374
99.24670590235374
99.24670590235374
99.31211637135131
99.31614477504824
99.31614477504824
99.31614477504824
99.31614477504824
99.31614477504824
99.31614477504824
99.31614477504824
99.31614477504824
99.31614477504824
99.31614477504824
99.31614477504824
99.31614477504824
99.31614477504824
99.31614477504824
99.31614477504824
99.31614477504824
99.31614477504824
99.31614477504824
99.31614477504824
99.31614477504824
99.31614477504824
99.31614477504824
99.31614477504824
99.31614477504824
99.31614477504824
99.31614477504824
99.31614477504824
99.31614477504824
99.31614477504824
99.31614477504824
99.31614477504824
99.31614477504824
99.31614477504824
99.66402521541707
100.0
100.0
100.0
100.0
100.0
100.0
100.0
100.0
100.0
100.0
100.0
100.0
100.0
100.0
100.0
100.0
100.0
100.0
100.0
100.0
100.0
100.0
100.0
100.0
100.0
100.0
100.0
100.0
100.0
100.0
100.0
100.0
100.0
100.0
100.0
100.0
100.0
100.0
100.0
100.0
100.0
100.0
100.0
100.0
100.0
100.0
100.0
100.0
100.0
100.0
100.0
100.0
100.0
100.0
100.0
100.0
100.0
100.0
100.0
100.0
100.0
100.0
100.0
100.0
100.0
100.0
100.0
100.0
100.0
100.0
100.0
100.0
100.0
100.0
100.0
100.0
100.0
100.0
100.0
100.0
100.0
100.0
100.0
100.0
100.0
100.0
100.0
100.0
100.0
100.0
100.0
100.0
100.0
100.0
100.0
100.0
100.0
100.0
100.0
100.0
100.0
100.0
100.0
100.0
100.0
100.0
100.0
100.0
100.0
100.0
100.0
100.0
100.0
100.0
100.0
100.0
100.0
100.0
100.0
100.0
100.0
100.0
100.0
100.0
100.0
100.0
100.0
100.0
100.0
100.0
100.0
100.0
100.0

