251.5637
251.5637
251.5637
251.5637
251.5637
251.5637
236.7542
236.7542
218.1407
218.1407
218.1407
218.1407
218.1407
200.922
200.922
200.922
200.922
186.5983
186.5983
186.5983
186.5983
186.5983
186.5983
186.5983
186.5983
186.5983
186.5983
186.5983
186.5983
186.5983
186.5983
186.5983
186.5983
186.5983
186.5983
158.1265
158.1265
158.1265
158.1265
158.1265
158.1265
158.1265
158.1265
158.1265
158.1265
158.1265
158.1265
158.1265
158.1265
158.1265
158.1265
158.1265
158.1265
158.1265
158.1265
158.1265
158.1265
158.1265
158.1265
158.1265
158.1265
158.1265
158.1265
158.1265
158.1265
158.1265
141.3598
141.3598
141.3598
141.3598
141.3598
121.0865
121.0865
121.0865
121.0865
121.0865
121.0865
121.0865
121.0865
121.0865
121.0865
121.0865
121.0865
121.0865
121.0865
121.0865
121.0865
121.0865
106.6661
106.6661
106.6661
106.6661
106.6661
106.6661
106.6661
106.6661
106.6661
106.6661
106.6661
106.6661
106.6661
106.6661
106.6661
106.6661
106.6661
106.6661
106.6661
106.6661
106.6661
106.6661
106.6661
106.6661
106.6661
106.6661
106.6661
106.6661
106.6661
106.6661
106.6661
106.6661
106.6661
106.6661
106.6661
106.6661
106.6661
106.6661
106.6661
106.6661
106.6661
106.6661
106.6661
106.6661
106.6661
96.9469
96.9469
96.9469
96.9469
96.9469
96.9469
96.9469
96.9469
96.9469
96.9469
96.9469
96.9469
96.9469
96.9469
96.9469
96.9469
96.9469
96.9469
96.9469
96.9469
96.9469
96.9469
96.9469
96.9469
96.9469
96.9469
96.9469
96.9469
96.9469
96.9469
96.9469
96.9469
96.9469
96.9469
96.9469
96.9469
96.9469
96.9469
96.9469
96.9469
96.9469
96.9469
96.9469
96.9469
96.9469
96.9469
96.9469
96.9469
96.9469
96.9469
96.9469
96.9469
96.9469
96.9469
96.9469
96.9469
96.9469
96.9469
96.9469
96.9469
96.9469
96.9469
96.9469
96.9469
96.9469
96.9469
96.9469
96.9469
96.9469
96.9469
96.9469
96.9469
96.9469
96.9469
96.9469
96.9469
96.9469
96.9469
96.9469
96.9469
96.9469
96.9469
96.9469
96.9469
96.9469
96.9469
96.9469
96.9469
96.9469
96.9469
96.9469
96.9469
96.9469
96.9469
96.9469
96.9469
96.9469
96.9469
96.9469
96.9469
96.9469
96.9469
96.9469
96.9469
96.9469
96.9469
96.9469
96.9469
96.9469
96.9469
96.9469
96.9469
96.9469
96.9469
96.9469
96.9469
96.9469
96.9469
96.9469
96.9469
96.9469
96.9469
96.9469
96.9469
96.9469
96.9469
96.9469
96.9469
96.9469
96.9469
96.9469
96.9469
96.9469
91.5855

