62.975014103246195
62.975014103246195
62.975014103246195
62.975014103246195
62.975014103246195
62.975014103246195
82.95952273687408
83.01101213685365
92.38111805845057
92.42424978311809
92.42424978311809
92.42424978311809
92.42424978311809
95.49421368605924
95.53029309353856
95.53029309353856
95.53029309353856
96.86056579630724
96.89064350106891
96.89064350106891
96.89064350106891
96.89064350106891
96.89064350106891
96.89064350106891
96.89064350106891
96.89064350106891
96.89064350106891
96.89064350106891
96.89064350106891
96.89064350106891
96.89064350106891
96.89064350106891
96.89064350106891
96.89064350106891
96.89064350106891
98.25925101477246
98.28417144552957
98.28417144552957
98.28417144552957
98.28417144552957
98.28417144552957
98.28417144552957
98.28417144552957
98.28417144552957
98.28417144552957
98.28417144552957
98.28417144552957
98.28417144552957
98.28417144552957
98.28417144552957
98.28417144552957
98.28417144552957
98.28417144552957
98.28417144552957
98.28417144552957
98.28417144552957
98.28417144552957
98.28417144552957
98.28417144552957
98.28417144552957
98.28417144552957
98.28417144552957
98.28417144552957
98.28417144552957
98.28417144552957
98.28417144552957
98.71464328628608
98.73508268767353
98.73508268767353
98.73508268767353
98.73508268767353
99.06553177683904
99.0950027927087
99.0950027927087
99.0950027927087
99.0950027927087
99.0950027927087
99.0950027927087
99.0950027927087
99.0950027927087
99.0950027927087
99.0950027927087
99.0950027927087
99.0950027927087
99.0950027927087
99.0950027927087
99.0950027927087
99.0950027927087
99.2435366484034
99.26013559321353
99.26013559321353
99.26013559321353
99.26013559321353
99.26013559321353
99.26013559321353
99.26013559321353
99.26013559321353
99.26013559321353
99.26013559321353
99.26013559321353
99.26013559321353
99.26013559321353
99.26013559321353
99.26013559321353
99.26013559321353
99.26013559321353
99.26013559321353
99.26013559321353
99.26013559321353
99.26013559321353
99.26013559321353
99.26013559321353
99.26013559321353
99.26013559321353
99.26013559321353
99.26013559321353
99.26013559321353
99.26013559321353
99.26013559321353
99.26013559321353
99.26013559321353
99.26013559321353
99.26013559321353
99.26013559321353
99.26013559321353
99.26013559321353
99.26013559321353
99.26013559321353
99.26013559321353
99.26013559321353
99.26013559321353
99.26013559321353
99.26013559321353
99.31866397351152
99.32269237720848
99.32269237720848
99.32269237720848
99.32269237720848
99.32269237720848
99.32269237720848
99.32269237720848
99.32269237720848
99.32269237720848
99.32269237720848
99.32269237720848
99.32269237720848
99.32269237720848
99.32269237720848
99.32269237720848
99.32269237720848
99.32269237720848
99.32269237720848
99.32269237720848
99.32269237720848
99.32269237720848
99.32269237720848
99.32269237720848
99.32269237720848
99.32269237720848
99.32269237720848
99.32269237720848
99.32269237720848
99.32269237720848
99.32269237720848
99.32269237720848
99.32269237720848
99.32269237720848
99.32269237720848
99.32269237720848
99.32269237720848
99.32269237720848
99.32269237720848
99.32269237720848
99.32269237720848
99.32269237720848
99.32269237720848
99.32269237720848
99.32269237720848
99.32269237720848
99.32269237720848
99.32269237720848
99.32269237720848
99.32269237720848
99.32269237720848
99.32269237720848
99.32269237720848
99.32269237720848
99.32269237720848
99.32269237720848
99.32269237720848
99.32269237720848
99.32269237720848
99.32269237720848
99.32269237720848
99.32269237720848
99.32269237720848
99.32269237720848
99.32269237720848
99.32269237720848
99.32269237720848
99.32269237720848
99.32269237720848
99.32269237720848
99.32269237720848
99.32269237720848
99.32269237720848
99.32269237720848
99.32269237720848
99.32269237720848
99.32269237720848
99.32269237720848
99.32269237720848
99.32269237720848
99.32269237720848
99.32269237720848
99.32269237720848
99.32269237720848
99.32269237720848
99.32269237720848
99.32269237720848
99.32269237720848
99.32269237720848
99.32269237720848
99.32269237720848
99.32269237720848
99.32269237720848
99.32269237720848
99.32269237720848
99.32269237720848
99.32269237720848
99.32269237720848
99.32269237720848
99.32269237720848
99.32269237720848
99.32269237720848
99.32269237720848
99.32269237720848
99.32269237720848
99.32269237720848
99.32269237720848
99.32269237720848
99.32269237720848
99.32269237720848
99.32269237720848
99.32269237720848
99.32269237720848
99.32269237720848
99.32269237720848
99.32269237720848
99.32269237720848
99.32269237720848
99.32269237720848
99.32269237720848
99.32269237720848
99.32269237720848
99.32269237720848
99.32269237720848
99.32269237720848
99.32269237720848
99.32269237720848
99.32269237720848
99.32269237720848
99.32269237720848
99.32269237720848
99.32269237720848
99.32269237720848
99.66402521541707

