299.516
299.516
299.516
299.516
299.516
299.516
299.516
299.516
244.529
244.529
244.529
244.529
244.529
236.7542
236.7542
236.7542
236.7542
236.7542
236.7542
236.7542
236.7542
236.7542
236.7542
236.7542
236.7542
236.7542
236.7542
236.7542
236.7542
236.7542
236.7542
236.7542
236.7542
172.0693
172.0693
124.0504
124.0504
124.0504
124.0504
124.0504
124.0504
124.0504
124.0504
124.0504
124.0504
124.0504
124.0504
124.0504
124.0504
124.0504
124.0504
124.0504
124.0504
113.1665
113.1665
113.1665
113.1665
113.1665
113.1665
113.1665
113.1665
113.1665
113.1665
113.1665
113.1665
113.1665
113.1665
113.1665
113.1665
113.1665
113.1665
113.1665
113.1665
113.1665
113.1665
113.1665
113.1665
113.1665
113.1665
113.1665
113.1665
113.1665
113.1665
113.1665
113.1665
113.1665
113.1665
113.1665
113.1665
113.1665
113.1665
113.1665
113.1665
113.1665
113.1665
113.1665
113.1665
113.1665
113.1665
113.1665
113.1665
113.1665
113.1665
113.1665
113.1665
113.1665
113.1665
113.1665
113.1665
113.1665
113.1665
113.1665
113.1665
113.1665
113.1665
113.1665
113.1665
113.1665
113.1665
113.1665
113.1665
113.1665
113.1665
113.1665
113.1665
113.1665
113.1665
113.1665
113.1665
113.1665
113.1665
113.1665
113.1665
91.5855
91.5855
91.5855
91.5855
91.5855
91.5855
91.5855
91.5855
91.5855
91.5855
91.5855
91.5855
91.5855
91.5855
91.5855
91.5855
91.5855
91.5855
91.5855
91.5855
91.5855
91.5855
91.5855
91.5855
91.5855
91.5855
91.5855
91.5855
91.5855
91.5855
91.5855
91.5855
91.5855
91.5855
91.5855
91.5855
91.5855
91.5855
91.5855
91.5855
91.5855
91.5855
91.5855
91.5855
91.5855
91.5855
91.5855
91.5855
91.5855
91.5855
91.5855
91.5855
91.5855
91.5855
91.5855
91.5855
91.5855
91.5855
91.5855
91.5855
91.5855
91.5855
91.5855
91.5855
91.5855
91.5855
91.5855
91.5855
91.5855
91.5855
91.5855
91.5855
91.5855
91.5855
91.5855
91.5855
91.5855
91.5855
91.5855
91.5855
91.5855
91.5855
91.5855
91.5855
91.5855
91.5855
91.5855
91.5855
91.5855
91.5855
91.5855
91.5855
91.5855
91.5855
91.5855
91.5855
91.5855
91.5855
91.5855
91.5855
91.5855
91.5855
91.5855
91.5855
91.5855
91.5855
91.5855
91.5855
91.5855
91.5855
91.5855
91.5855
91.5855
91.5855
91.5855
91.5855
91.5855
91.5855
91.5855
91.5855
91.5855
91.5855
91.5855
91.5855
91.5855
91.5855
91.5855
91.5855
91.5855
91.5855
91.5855
91.5855
91.5855
91.5855

