49.93468869285351
49.93468869285351
49.93468869285351
49.93468869285351
49.93468869285351
49.93468869285351
49.93468869285351
49.93468869285351
73.18487357930337
73.29416241621185
73.29416241621185
73.29416241621185
73.29416241621185
83.12030097376216
83.14522140451925
83.14522140451925
83.14522140451925
83.14522140451925
83.14522140451925
83.14522140451925
83.14522140451925
83.14522140451925
83.14522140451925
83.14522140451925
83.14522140451925
83.14522140451925
83.14522140451925
83.14522140451925
83.14522140451925
83.14522140451925
83.14522140451925
83.14522140451925
83.14522140451925
97.751937238765
97.78887272189803
99.04351723317657
99.06627023545482
99.06627023545482
99.06627023545482
99.06627023545482
99.06627023545482
99.06627023545482
99.06627023545482
99.06627023545482
99.06627023545482
99.06627023545482
99.06627023545482
99.06627023545482
99.06627023545482
99.06627023545482
99.06627023545482
99.06627023545482
99.06627023545482
99.19400161471654
99.20082249137252
99.20082249137252
99.20082249137252
99.20082249137252
99.20082249137252
99.20082249137252
99.20082249137252
99.20082249137252
99.20082249137252
99.20082249137252
99.20082249137252
99.20082249137252
99.20082249137252
99.20082249137252
99.20082249137252
99.20082249137252
99.20082249137252
99.20082249137252
99.20082249137252
99.20082249137252
99.20082249137252
99.20082249137252
99.20082249137252
99.20082249137252
99.20082249137252
99.20082249137252
99.20082249137252
99.20082249137252
99.20082249137252
99.20082249137252
99.20082249137252
99.20082249137252
99.20082249137252
99.20082249137252
99.20082249137252
99.20082249137252
99.20082249137252
99.20082249137252
99.20082249137252
99.20082249137252
99.20082249137252
99.20082249137252
99.20082249137252
99.20082249137252
99.20082249137252
99.20082249137252
99.20082249137252
99.20082249137252
99.20082249137252
99.20082249137252
99.20082249137252
99.20082249137252
99.20082249137252
99.20082249137252
99.20082249137252
99.20082249137252
99.20082249137252
99.20082249137252
99.20082249137252
99.20082249137252
99.20082249137252
99.20082249137252
99.20082249137252
99.20082249137252
99.20082249137252
99.20082249137252
99.20082249137252
99.20082249137252
99.20082249137252
99.20082249137252
99.20082249137252
99.20082249137252
99.20082249137252
99.20082249137252
99.20082249137252
99.20082249137252
99.20082249137252
99.20082249137252
99.20082249137252
99.65999681172013
100.0
100.0
100.0
100.0
100.0
100.0
100.0
100.0
100.0
100.0
100.0
100.0
100.0
100.0
100.0
100.0
100.0
100.0
100.0
100.0
100.0
100.0
100.0
100.0
100.0
100.0
100.0
100.0
100.0
100.0
100.0
100.0
100.0
100.0
100.0
100.0
100.0
100.0
100.0
100.0
100.0
100.0
100.0
100.0
100.0
100.0
100.0
100.0
100.0
100.0
100.0
100.0
100.0
100.0
100.0
100.0
100.0
100.0
100.0
100.0
100.0
100.0
100.0
100.0
100.0
100.0
100.0
100.0
100.0
100.0
100.0
100.0
100.0
100.0
100.0
100.0
100.0
100.0
100.0
100.0
100.0
100.0
100.0
100.0
100.0
100.0
100.0
100.0
100.0
100.0
100.0
100.0
100.0
100.0
100.0
100.0
100.0
100.0
100.0
100.0
100.0
100.0
100.0
100.0
100.0
100.0
100.0
100.0
100.0
100.0
100.0
100.0
100.0
100.0
100.0
100.0
100.0
100.0
100.0
100.0
100.0
100.0
100.0
100.0
100.0
100.0
100.0
100.0
100.0
100.0
100.0
100.0
100.0

