249.6522
249.6522
249.6522
249.6522
249.6522
249.6522
249.6522
249.6522
249.6522
249.6522
249.6522
249.6522
249.6522
234.316
234.316
234.316
234.316
214.1326
214.1326
214.1326
214.1326
214.1326
214.1326
214.1326
214.1326
214.1326
176.882
176.882
176.882
176.882
176.882
176.882
176.882
176.882
176.882
176.882
176.882
176.882
176.882
176.882
176.882
176.882
176.882
176.882
149.44
149.44
149.44
149.44
149.44
149.44
149.44
149.44
149.44
133.9347
133.9347
133.9347
133.9347
133.9347
133.9347
133.9347
133.9347
133.9347
133.9347
133.9347
133.9347
133.9347
121.0865
121.0865
121.0865
121.0865
121.0865
113.1665
113.1665
113.1665
113.1665
113.1665
113.1665
113.1665
113.1665
113.1665
113.1665
113.1665
113.1665
113.1665
113.1665
113.1665
113.1665
113.1665
106.6661
106.6661
106.6661
106.6661
106.6661
106.6661
106.6661
106.6661
106.6661
106.6661
106.6661
106.6661
106.6661
106.6661
106.6661
106.6661
106.6661
106.6661
106.6661
106.6661
106.6661
106.6661
106.6661
106.6661
106.6661
106.6661
106.6661
106.6661
106.6661
106.6661
106.6661
106.6661
106.6661
106.6661
106.6661
106.6661
106.6661
106.6661
106.6661
106.6661
106.6661
106.6661
106.6661
106.6661
106.6661
96.9469
96.9469
96.9469
96.9469
96.9469
96.9469
96.9469
96.9469
96.9469
96.9469
96.9469
96.9469
96.9469
96.9469
96.9469
96.9469
96.9469
96.9469
96.9469
96.9469
96.9469
96.9469
96.9469
96.9469
96.9469
96.9469
96.9469
96.9469
96.9469
96.9469
96.9469
96.9469
96.9469
96.9469
96.9469
96.9469
96.9469
96.9469
96.9469
96.9469
96.9469
96.9469
96.9469
96.9469
96.9469
96.9469
96.9469
96.9469
96.9469
96.9469
96.9469
96.9469
96.9469
96.9469
96.9469
96.9469
96.9469
96.9469
96.9469
96.9469
96.9469
96.9469
96.9469
96.9469
96.9469
96.9469
96.9469
96.9469
96.9469
96.9469
96.9469
96.9469
96.9469
96.9469
96.9469
96.9469
96.9469
96.9469
96.9469
96.9469
96.9469
96.9469
96.9469
96.9469
96.9469
96.9469
96.9469
96.9469
96.9469
96.9469
96.9469
96.9469
96.9469
96.9469
96.9469
96.9469
96.9469
96.9469
96.9469
96.9469
96.9469
96.9469
96.9469
96.9469
96.9469
96.9469
96.9469
96.9469
96.9469
96.9469
96.9469
96.9469
96.9469
96.9469
96.9469
96.9469
96.9469
96.9469
96.9469
96.9469
96.9469
96.9469
96.9469
96.9469
96.9469
96.9469
96.9469
96.9469
96.9469
96.9469
96.9469
96.9469
96.9469
91.5855

