65.34307920660748
65.34307920660748
65.34307920660748
65.34307920660748
65.34307920660748
65.34307920660748
65.34307920660748
65.34307920660748
65.34307920660748
65.34307920660748
65.34307920660748
65.34307920660748
65.34307920660748
85.0119534851149
85.10657460976196
85.10657460976196
85.10657460976196
93.37463018046121
93.4407872927022
93.4407872927022
93.4407872927022
93.4407872927022
93.4407872927022
93.4407872927022
93.4407872927022
93.4407872927022
97.48956644527135
97.51448687602846
97.51448687602846
97.51448687602846
97.51448687602846
97.51448687602846
97.51448687602846
97.51448687602846
97.51448687602846
97.51448687602846
97.51448687602846
97.51448687602846
97.51448687602846
97.51448687602846
97.51448687602846
97.51448687602846
97.51448687602846
97.51448687602846
98.52958112042982
98.55002052181727
98.55002052181727
98.55002052181727
98.55002052181727
98.55002052181727
98.55002052181727
98.55002052181727
98.55002052181727
98.87565577128314
98.89215185302871
98.89215185302871
98.89215185302871
98.89215185302871
98.89215185302871
98.89215185302871
98.89215185302871
98.89215185302871
98.89215185302871
98.89215185302871
98.89215185302871
98.89215185302871
99.08202785858461
99.0950027927087
99.0950027927087
99.0950027927087
99.0950027927087
99.18422354656238
99.19400161471654
99.19400161471654
99.19400161471654
99.19400161471654
99.19400161471654
99.19400161471654
99.19400161471654
99.19400161471654
99.19400161471654
99.19400161471654
99.19400161471654
99.19400161471654
99.19400161471654
99.19400161471654
99.19400161471654
99.19400161471654
99.25331471655755
99.26013559321353
99.26013559321353
99.26013559321353
99.26013559321353
99.26013559321353
99.26013559321353
99.26013559321353
99.26013559321353
99.26013559321353
99.26013559321353
99.26013559321353
99.26013559321353
99.26013559321353
99.26013559321353
99.26013559321353
99.26013559321353
99.26013559321353
99.26013559321353
99.26013559321353
99.26013559321353
99.26013559321353
99.26013559321353
99.26013559321353
99.26013559321353
99.26013559321353
99.26013559321353
99.26013559321353
99.26013559321353
99.26013559321353
99.26013559321353
99.26013559321353
99.26013559321353
99.26013559321353
99.26013559321353
99.26013559321353
99.26013559321353
99.26013559321353
99.26013559321353
99.26013559321353
99.26013559321353
99.26013559321353
99.26013559321353
99.26013559321353
99.26013559321353
99.31866397351152
99.32269237720848
99.32269237720848
99.32269237720848
99.32269237720848
99.32269237720848
99.32269237720848
99.32269237720848
99.32269237720848
99.32269237720848
99.32269237720848
99.32269237720848
99.32269237720848
99.32269237720848
99.32269237720848
99.32269237720848
99.32269237720848
99.32269237720848
99.32269237720848
99.32269237720848
99.32269237720848
99.32269237720848
99.32269237720848
99.32269237720848
99.32269237720848
99.32269237720848
99.32269237720848
99.32269237720848
99.32269237720848
99.32269237720848
99.32269237720848
99.32269237720848
99.32269237720848
99.32269237720848
99.32269237720848
99.32269237720848
99.32269237720848
99.32269237720848
99.32269237720848
99.32269237720848
99.32269237720848
99.32269237720848
99.32269237720848
99.32269237720848
99.32269237720848
99.32269237720848
99.32269237720848
99.32269237720848
99.32269237720848
99.32269237720848
99.32269237720848
99.32269237720848
99.32269237720848
99.32269237720848
99.32269237720848
99.32269237720848
99.32269237720848
99.32269237720848
99.32269237720848
99.32269237720848
99.32269237720848
99.32269237720848
99.32269237720848
99.32269237720848
99.32269237720848
99.32269237720848
99.32269237720848
99.32269237720848
99.32269237720848
99.32269237720848
99.32269237720848
99.32269237720848
99.32269237720848
99.32269237720848
99.32269237720848
99.32269237720848
99.32269237720848
99.32269237720848
99.32269237720848
99.32269237720848
99.32269237720848
99.32269237720848
99.32269237720848
99.32269237720848
99.32269237720848
99.32269237720848
99.32269237720848
99.32269237720848
99.32269237720848
99.32269237720848
99.32269237720848
99.32269237720848
99.32269237720848
99.32269237720848
99.32269237720848
99.32269237720848
99.32269237720848
99.32269237720848
99.32269237720848
99.32269237720848
99.32269237720848
99.32269237720848
99.32269237720848
99.32269237720848
99.32269237720848
99.32269237720848
99.32269237720848
99.32269237720848
99.32269237720848
99.32269237720848
99.32269237720848
99.32269237720848
99.32269237720848
99.32269237720848
99.32269237720848
99.32269237720848
99.32269237720848
99.32269237720848
99.32269237720848
99.32269237720848
99.32269237720848
99.32269237720848
99.32269237720848
99.32269237720848
99.32269237720848
99.32269237720848
99.32269237720848
99.32269237720848
99.32269237720848
99.32269237720848
99.32269237720848
99.32269237720848
99.32269237720848
99.66402521541707

