240.9597
240.9597
240.9597
240.9597
240.9597
240.9597
240.9597
240.9597
240.9597
240.9597
240.9597
240.9597
240.9597
240.9597
240.9597
240.9597
240.9597
200.922
200.922
200.922
200.922
200.922
200.922
200.922
200.922
200.922
200.922
200.922
200.922
200.922
200.922
200.922
200.922
200.922
200.922
172.0693
172.0693
172.0693
172.0693
172.0693
172.0693
172.0693
172.0693
172.0693
172.0693
172.0693
172.0693
172.0693
172.0693
172.0693
172.0693
172.0693
172.0693
137.5639
137.5639
137.5639
137.5639
137.5639
137.5639
137.5639
137.5639
137.5639
137.5639
137.5639
137.5639
137.5639
113.1665
113.1665
113.1665
113.1665
113.1665
113.1665
113.1665
113.1665
113.1665
113.1665
113.1665
113.1665
113.1665
113.1665
113.1665
113.1665
113.1665
113.1665
113.1665
113.1665
113.1665
113.1665
106.6661
106.6661
106.6661
106.6661
106.6661
106.6661
106.6661
106.6661
106.6661
106.6661
106.6661
106.6661
106.6661
106.6661
106.6661
106.6661
106.6661
106.6661
106.6661
106.6661
106.6661
106.6661
106.6661
106.6661
106.6661
106.6661
106.6661
106.6661
106.6661
106.6661
106.6661
106.6661
106.6661
106.6661
106.6661
106.6661
106.6661
106.6661
106.6661
106.6661
106.6661
106.6661
106.6661
106.6661
106.6661
96.9469
96.9469
96.9469
96.9469
96.9469
96.9469
96.9469
96.9469
96.9469
96.9469
96.9469
96.9469
96.9469
96.9469
96.9469
96.9469
96.9469
96.9469
96.9469
96.9469
96.9469
96.9469
96.9469
96.9469
96.9469
96.9469
96.9469
96.9469
96.9469
96.9469
96.9469
96.9469
96.9469
96.9469
96.9469
96.9469
96.9469
96.9469
96.9469
96.9469
96.9469
96.9469
96.9469
96.9469
96.9469
96.9469
96.9469
96.9469
96.9469
96.9469
96.9469
96.9469
96.9469
96.9469
96.9469
96.9469
96.9469
96.9469
96.9469
96.9469
96.9469
96.9469
96.9469
96.9469
96.9469
96.9469
96.9469
96.9469
96.9469
96.9469
96.9469
96.9469
96.9469
96.9469
96.9469
96.9469
96.9469
96.9469
96.9469
96.9469
96.9469
96.9469
96.9469
96.9469
96.9469
96.9469
96.9469
96.9469
96.9469
96.9469
96.9469
96.9469
96.9469
96.9469
96.9469
96.9469
96.9469
96.9469
96.9469
96.9469
96.9469
96.9469
96.9469
96.9469
96.9469
96.9469
96.9469
96.9469
96.9469
96.9469
96.9469
96.9469
96.9469
96.9469
96.9469
96.9469
96.9469
96.9469
96.9469
96.9469
96.9469
96.9469
96.9469
96.9469
96.9469
96.9469
96.9469
96.9469
96.9469
96.9469
96.9469
96.9469
96.9469
91.5855

