78.30416639079544
78.30416639079544
78.30416639079544
78.30416639079544
78.30416639079544
78.30416639079544
78.30416639079544
78.30416639079544
78.30416639079544
78.30416639079544
78.30416639079544
78.30416639079544
78.30416639079544
78.30416639079544
78.30416639079544
78.30416639079544
78.30416639079544
95.39959256141215
95.56037079830023
95.56037079830023
95.56037079830023
95.56037079830023
95.56037079830023
95.56037079830023
95.56037079830023
95.56037079830023
95.56037079830023
95.56037079830023
95.56037079830023
95.56037079830023
95.56037079830023
95.56037079830023
95.56037079830023
95.56037079830023
95.56037079830023
97.72701680800789
97.751937238765
97.751937238765
97.751937238765
97.751937238765
97.751937238765
97.751937238765
97.751937238765
97.751937238765
97.751937238765
97.751937238765
97.751937238765
97.751937238765
97.751937238765
97.751937238765
97.751937238765
97.751937238765
97.751937238765
98.78969365267079
98.82662913580383
98.82662913580383
98.82662913580383
98.82662913580383
98.82662913580383
98.82662913580383
98.82662913580383
98.82662913580383
98.82662913580383
98.82662913580383
98.82662913580383
98.82662913580383
99.17124861243829
99.19400161471654
99.19400161471654
99.19400161471654
99.19400161471654
99.19400161471654
99.19400161471654
99.19400161471654
99.19400161471654
99.19400161471654
99.19400161471654
99.19400161471654
99.19400161471654
99.19400161471654
99.19400161471654
99.19400161471654
99.19400161471654
99.19400161471654
99.19400161471654
99.19400161471654
99.19400161471654
99.19400161471654
99.25331471655755
99.26013559321353
99.26013559321353
99.26013559321353
99.26013559321353
99.26013559321353
99.26013559321353
99.26013559321353
99.26013559321353
99.26013559321353
99.26013559321353
99.26013559321353
99.26013559321353
99.26013559321353
99.26013559321353
99.26013559321353
99.26013559321353
99.26013559321353
99.26013559321353
99.26013559321353
99.26013559321353
99.26013559321353
99.26013559321353
99.26013559321353
99.26013559321353
99.26013559321353
99.26013559321353
99.26013559321353
99.26013559321353
99.26013559321353
99.26013559321353
99.26013559321353
99.26013559321353
99.26013559321353
99.26013559321353
99.26013559321353
99.26013559321353
99.26013559321353
99.26013559321353
99.26013559321353
99.26013559321353
99.26013559321353
99.26013559321353
99.26013559321353
99.26013559321353
99.31866397351152
99.32269237720848
99.32269237720848
99.32269237720848
99.32269237720848
99.32269237720848
99.32269237720848
99.32269237720848
99.32269237720848
99.32269237720848
99.32269237720848
99.32269237720848
99.32269237720848
99.32269237720848
99.32269237720848
99.32269237720848
99.32269237720848
99.32269237720848
99.32269237720848
99.32269237720848
99.32269237720848
99.32269237720848
99.32269237720848
99.32269237720848
99.32269237720848
99.32269237720848
99.32269237720848
99.32269237720848
99.32269237720848
99.32269237720848
99.32269237720848
99.32269237720848
99.32269237720848
99.32269237720848
99.32269237720848
99.32269237720848
99.32269237720848
99.32269237720848
99.32269237720848
99.32269237720848
99.32269237720848
99.32269237720848
99.32269237720848
99.32269237720848
99.32269237720848
99.32269237720848
99.32269237720848
99.32269237720848
99.32269237720848
99.32269237720848
99.32269237720848
99.32269237720848
99.32269237720848
99.32269237720848
99.32269237720848
99.32269237720848
99.32269237720848
99.32269237720848
99.32269237720848
99.32269237720848
99.32269237720848
99.32269237720848
99.32269237720848
99.32269237720848
99.32269237720848
99.32269237720848
99.32269237720848
99.32269237720848
99.32269237720848
99.32269237720848
99.32269237720848
99.32269237720848
99.32269237720848
99.32269237720848
99.32269237720848
99.32269237720848
99.32269237720848
99.32269237720848
99.32269237720848
99.32269237720848
99.32269237720848
99.32269237720848
99.32269237720848
99.32269237720848
99.32269237720848
99.32269237720848
99.32269237720848
99.32269237720848
99.32269237720848
99.32269237720848
99.32269237720848
99.32269237720848
99.32269237720848
99.32269237720848
99.32269237720848
99.32269237720848
99.32269237720848
99.32269237720848
99.32269237720848
99.32269237720848
99.32269237720848
99.32269237720848
99.32269237720848
99.32269237720848
99.32269237720848
99.32269237720848
99.32269237720848
99.32269237720848
99.32269237720848
99.32269237720848
99.32269237720848
99.32269237720848
99.32269237720848
99.32269237720848
99.32269237720848
99.32269237720848
99.32269237720848
99.32269237720848
99.32269237720848
99.32269237720848
99.32269237720848
99.32269237720848
99.32269237720848
99.32269237720848
99.32269237720848
99.32269237720848
99.32269237720848
99.32269237720848
99.32269237720848
99.32269237720848
99.32269237720848
99.32269237720848
99.32269237720848
99.66402521541707

