253.6924
253.6924
253.6924
253.6924
253.6924
253.6924
253.6924
253.6924
242.8
242.8
242.8
242.8
242.8
242.8
242.8
242.8
242.8
205.4938
205.4938
205.4938
205.4938
205.4938
205.4938
205.4938
205.4938
205.4938
205.4938
205.4938
205.4938
205.4938
205.4938
205.4938
205.4938
205.4938
205.4938
149.44
149.44
149.44
149.44
149.44
149.44
149.44
149.44
149.44
110.8452
110.8452
110.8452
110.8452
110.8452
110.8452
110.8452
110.8452
110.8452
103.0623
103.0623
103.0623
103.0623
103.0623
103.0623
103.0623
103.0623
103.0623
103.0623
103.0623
103.0623
103.0623
96.9469
96.9469
96.9469
96.9469
96.9469
96.9469
96.9469
96.9469
96.9469
96.9469
96.9469
96.9469
96.9469
96.9469
96.9469
96.9469
96.9469
96.9469
96.9469
96.9469
96.9469
96.9469
96.9469
96.9469
96.9469
96.9469
96.9469
96.9469
96.9469
96.9469
96.9469
96.9469
96.9469
96.9469
96.9469
96.9469
96.9469
96.9469
96.9469
96.9469
96.9469
96.9469
96.9469
96.9469
96.9469
96.9469
96.9469
96.9469
96.9469
96.9469
96.9469
96.9469
96.9469
96.9469
96.9469
96.9469
96.9469
96.9469
96.9469
96.9469
96.9469
96.9469
96.9469
96.9469
96.9469
96.9469
96.9469
96.9469
96.9469
96.9469
96.9469
96.9469
96.9469
96.9469
96.9469
96.9469
96.9469
96.9469
96.9469
96.9469
96.9469
96.9469
96.9469
96.9469
96.9469
96.9469
96.9469
96.9469
96.9469
96.9469
96.9469
96.9469
96.9469
96.9469
96.9469
96.9469
96.9469
96.9469
96.9469
96.9469
96.9469
96.9469
96.9469
96.9469
96.9469
96.9469
96.9469
96.9469
96.9469
96.9469
96.9469
96.9469
96.9469
96.9469
96.9469
96.9469
96.9469
96.9469
96.9469
96.9469
96.9469
96.9469
96.9469
96.9469
96.9469
96.9469
96.9469
96.9469
96.9469
96.9469
96.9469
96.9469
96.9469
96.9469
96.9469
96.9469
96.9469
96.9469
96.9469
96.9469
96.9469
96.9469
96.9469
96.9469
96.9469
96.9469
96.9469
96.9469
96.9469
96.9469
96.9469
96.9469
96.9469
96.9469
96.9469
96.9469
96.9469
96.9469
96.9469
96.9469
96.9469
96.9469
96.9469
96.9469
96.9469
96.9469
96.9469
96.9469
96.9469
96.9469
96.9469
96.9469
96.9469
96.9469
96.9469
96.9469
96.9469
96.9469
96.9469
96.9469
96.9469
96.9469
96.9469
96.9469
96.9469
96.9469
96.9469
96.9469
96.9469
96.9469
96.9469
96.9469
96.9469
96.9469
96.9469
96.9469
96.9469
96.9469
96.9469
96.9469
91.5855

