60.801737152979115
60.801737152979115
60.801737152979115
60.801737152979115
60.801737152979115
60.801737152979115
60.801737152979115
60.801737152979115
75.76058845474513
75.8120778547247
75.8120778547247
75.8120778547247
75.8120778547247
75.8120778547247
75.8120778547247
75.8120778547247
75.8120778547247
94.8503763205982
94.98458558826381
94.98458558826381
94.98458558826381
94.98458558826381
94.98458558826381
94.98458558826381
94.98458558826381
94.98458558826381
94.98458558826381
94.98458558826381
94.98458558826381
94.98458558826381
94.98458558826381
94.98458558826381
94.98458558826381
94.98458558826381
94.98458558826381
98.52958112042982
98.56651660356283
98.56651660356283
98.56651660356283
98.56651660356283
98.56651660356283
98.56651660356283
98.56651660356283
98.56651660356283
99.19385053816939
99.21660354044764
99.21660354044764
99.21660354044764
99.21660354044764
99.21660354044764
99.21660354044764
99.21660354044764
99.21660354044764
99.28046502129162
99.2872858979476
99.2872858979476
99.2872858979476
99.2872858979476
99.2872858979476
99.2872858979476
99.2872858979476
99.2872858979476
99.2872858979476
99.2872858979476
99.2872858979476
99.2872858979476
99.31866397351152
99.32269237720848
99.32269237720848
99.32269237720848
99.32269237720848
99.32269237720848
99.32269237720848
99.32269237720848
99.32269237720848
99.32269237720848
99.32269237720848
99.32269237720848
99.32269237720848
99.32269237720848
99.32269237720848
99.32269237720848
99.32269237720848
99.32269237720848
99.32269237720848
99.32269237720848
99.32269237720848
99.32269237720848
99.32269237720848
99.32269237720848
99.32269237720848
99.32269237720848
99.32269237720848
99.32269237720848
99.32269237720848
99.32269237720848
99.32269237720848
99.32269237720848
99.32269237720848
99.32269237720848
99.32269237720848
99.32269237720848
99.32269237720848
99.32269237720848
99.32269237720848
99.32269237720848
99.32269237720848
99.32269237720848
99.32269237720848
99.32269237720848
99.32269237720848
99.32269237720848
99.32269237720848
99.32269237720848
99.32269237720848
99.32269237720848
99.32269237720848
99.32269237720848
99.32269237720848
99.32269237720848
99.32269237720848
99.32269237720848
99.32269237720848
99.32269237720848
99.32269237720848
99.32269237720848
99.32269237720848
99.32269237720848
99.32269237720848
99.32269237720848
99.32269237720848
99.32269237720848
99.32269237720848
99.32269237720848
99.32269237720848
99.32269237720848
99.32269237720848
99.32269237720848
99.32269237720848
99.32269237720848
99.32269237720848
99.32269237720848
99.32269237720848
99.32269237720848
99.32269237720848
99.32269237720848
99.32269237720848
99.32269237720848
99.32269237720848
99.32269237720848
99.32269237720848
99.32269237720848
99.32269237720848
99.32269237720848
99.32269237720848
99.32269237720848
99.32269237720848
99.32269237720848
99.32269237720848
99.32269237720848
99.32269237720848
99.32269237720848
99.32269237720848
99.32269237720848
99.32269237720848
99.32269237720848
99.32269237720848
99.32269237720848
99.32269237720848
99.32269237720848
99.32269237720848
99.32269237720848
99.32269237720848
99.32269237720848
99.32269237720848
99.32269237720848
99.32269237720848
99.32269237720848
99.32269237720848
99.32269237720848
99.32269237720848
99.32269237720848
99.32269237720848
99.32269237720848
99.32269237720848
99.32269237720848
99.32269237720848
99.32269237720848
99.32269237720848
99.32269237720848
99.32269237720848
99.32269237720848
99.32269237720848
99.32269237720848
99.32269237720848
99.32269237720848
99.32269237720848
99.32269237720848
99.32269237720848
99.32269237720848
99.32269237720848
99.32269237720848
99.32269237720848
99.32269237720848
99.32269237720848
99.32269237720848
99.32269237720848
99.32269237720848
99.32269237720848
99.32269237720848
99.32269237720848
99.32269237720848
99.32269237720848
99.32269237720848
99.32269237720848
99.32269237720848
99.32269237720848
99.32269237720848
99.32269237720848
99.32269237720848
99.32269237720848
99.32269237720848
99.32269237720848
99.32269237720848
99.32269237720848
99.32269237720848
99.32269237720848
99.32269237720848
99.32269237720848
99.32269237720848
99.32269237720848
99.32269237720848
99.32269237720848
99.32269237720848
99.32269237720848
99.32269237720848
99.32269237720848
99.32269237720848
99.32269237720848
99.32269237720848
99.32269237720848
99.32269237720848
99.32269237720848
99.32269237720848
99.32269237720848
99.32269237720848
99.32269237720848
99.32269237720848
99.32269237720848
99.32269237720848
99.32269237720848
99.32269237720848
99.32269237720848
99.32269237720848
99.32269237720848
99.32269237720848
99.32269237720848
99.32269237720848
99.32269237720848
99.32269237720848
99.32269237720848
99.32269237720848
99.32269237720848
99.32269237720848
99.32269237720848
99.32269237720848
99.66402521541707

