269.4162
269.4162
269.4162
269.4162
269.4162
269.4162
269.4162
269.4162
225.4172
225.4172
225.4172
225.4172
225.4172
209.9077
209.9077
209.9077
209.9077
196.2259
196.2259
196.2259
196.2259
196.2259
196.2259
196.2259
196.2259
196.2259
196.2259
196.2259
196.2259
196.2259
196.2259
196.2259
196.2259
196.2259
196.2259
196.2259
196.2259
196.2259
196.2259
196.2259
196.2259
196.2259
196.2259
196.2259
167.3238
167.3238
167.3238
167.3238
167.3238
167.3238
167.3238
167.3238
167.3238
133.9347
133.9347
133.9347
133.9347
133.9347
133.9347
133.9347
133.9347
133.9347
133.9347
133.9347
133.9347
133.9347
121.0865
121.0865
121.0865
121.0865
121.0865
121.0865
121.0865
121.0865
121.0865
121.0865
121.0865
121.0865
121.0865
121.0865
121.0865
121.0865
121.0865
121.0865
121.0865
121.0865
121.0865
121.0865
113.1665
113.1665
113.1665
113.1665
113.1665
113.1665
113.1665
113.1665
113.1665
113.1665
113.1665
113.1665
113.1665
113.1665
113.1665
113.1665
113.1665
113.1665
113.1665
113.1665
113.1665
113.1665
113.1665
113.1665
113.1665
113.1665
113.1665
113.1665
113.1665
113.1665
113.1665
113.1665
113.1665
113.1665
113.1665
113.1665
113.1665
113.1665
113.1665
113.1665
113.1665
113.1665
113.1665
113.1665
113.1665
91.5855
91.5855
91.5855
91.5855
91.5855
91.5855
91.5855
91.5855
91.5855
91.5855
91.5855
91.5855
91.5855
91.5855
91.5855
91.5855
91.5855
91.5855
91.5855
91.5855
91.5855
91.5855
91.5855
91.5855
91.5855
91.5855
91.5855
91.5855
91.5855
91.5855
91.5855
91.5855
91.5855
91.5855
91.5855
91.5855
91.5855
91.5855
91.5855
91.5855
91.5855
91.5855
91.5855
91.5855
91.5855
91.5855
91.5855
91.5855
91.5855
91.5855
91.5855
91.5855
91.5855
91.5855
91.5855
91.5855
91.5855
91.5855
91.5855
91.5855
91.5855
91.5855
91.5855
91.5855
91.5855
91.5855
91.5855
91.5855
91.5855
91.5855
91.5855
91.5855
91.5855
91.5855
91.5855
91.5855
91.5855
91.5855
91.5855
91.5855
91.5855
91.5855
91.5855
91.5855
91.5855
91.5855
91.5855
91.5855
91.5855
91.5855
91.5855
91.5855
91.5855
91.5855
91.5855
91.5855
91.5855
91.5855
91.5855
91.5855
91.5855
91.5855
91.5855
91.5855
91.5855
91.5855
91.5855
91.5855
91.5855
91.5855
91.5855
91.5855
91.5855
91.5855
91.5855
91.5855
91.5855
91.5855
91.5855
91.5855
91.5855
91.5855
91.5855
91.5855
91.5855
91.5855
91.5855
91.5855
91.5855
91.5855
91.5855
91.5855
91.5855
91.5855

