53.382152452998824
53.382152452998824
53.382152452998824
53.382152452998824
53.382152452998824
53.382152452998824
53.382152452998824
53.382152452998824
89.96081613560159
90.09151666772799
90.09151666772799
90.09151666772799
90.09151666772799
94.22822406482769
94.25830176958937
94.25830176958937
94.25830176958937
96.07441880899408
96.09933923975119
96.09933923975119
96.09933923975119
96.09933923975119
96.09933923975119
96.09933923975119
96.09933923975119
96.09933923975119
96.09933923975119
96.09933923975119
96.09933923975119
96.09933923975119
96.09933923975119
96.09933923975119
96.09933923975119
96.09933923975119
96.09933923975119
96.09933923975119
96.09933923975119
96.09933923975119
96.09933923975119
96.09933923975119
96.09933923975119
96.09933923975119
96.09933923975119
96.09933923975119
97.95619075348398
97.97663015487144
97.97663015487144
97.97663015487144
97.97663015487144
97.97663015487144
97.97663015487144
97.97663015487144
97.97663015487144
98.87565577128314
98.9051267871528
98.9051267871528
98.9051267871528
98.9051267871528
98.9051267871528
98.9051267871528
98.9051267871528
98.9051267871528
98.9051267871528
98.9051267871528
98.9051267871528
98.9051267871528
99.0950027927087
99.10478086086285
99.10478086086285
99.10478086086285
99.10478086086285
99.10478086086285
99.10478086086285
99.10478086086285
99.10478086086285
99.10478086086285
99.10478086086285
99.10478086086285
99.10478086086285
99.10478086086285
99.10478086086285
99.10478086086285
99.10478086086285
99.10478086086285
99.10478086086285
99.10478086086285
99.10478086086285
99.10478086086285
99.19400161471654
99.20082249137252
99.20082249137252
99.20082249137252
99.20082249137252
99.20082249137252
99.20082249137252
99.20082249137252
99.20082249137252
99.20082249137252
99.20082249137252
99.20082249137252
99.20082249137252
99.20082249137252
99.20082249137252
99.20082249137252
99.20082249137252
99.20082249137252
99.20082249137252
99.20082249137252
99.20082249137252
99.20082249137252
99.20082249137252
99.20082249137252
99.20082249137252
99.20082249137252
99.20082249137252
99.20082249137252
99.20082249137252
99.20082249137252
99.20082249137252
99.20082249137252
99.20082249137252
99.20082249137252
99.20082249137252
99.20082249137252
99.20082249137252
99.20082249137252
99.20082249137252
99.20082249137252
99.20082249137252
99.20082249137252
99.20082249137252
99.20082249137252
99.20082249137252
99.65999681172013
100.0
100.0
100.0
100.0
100.0
100.0
100.0
100.0
100.0
100.0
100.0
100.0
100.0
100.0
100.0
100.0
100.0
100.0
100.0
100.0
100.0
100.0
100.0
100.0
100.0
100.0
100.0
100.0
100.0
100.0
100.0
100.0
100.0
100.0
100.0
100.0
100.0
100.0
100.0
100.0
100.0
100.0
100.0
100.0
100.0
100.0
100.0
100.0
100.0
100.0
100.0
100.0
100.0
100.0
100.0
100.0
100.0
100.0
100.0
100.0
100.0
100.0
100.0
100.0
100.0
100.0
100.0
100.0
100.0
100.0
100.0
100.0
100.0
100.0
100.0
100.0
100.0
100.0
100.0
100.0
100.0
100.0
100.0
100.0
100.0
100.0
100.0
100.0
100.0
100.0
100.0
100.0
100.0
100.0
100.0
100.0
100.0
100.0
100.0
100.0
100.0
100.0
100.0
100.0
100.0
100.0
100.0
100.0
100.0
100.0
100.0
100.0
100.0
100.0
100.0
100.0
100.0
100.0
100.0
100.0
100.0
100.0
100.0
100.0
100.0
100.0
100.0
100.0
100.0
100.0
100.0
100.0
100.0

