51.34388217171646
51.34388217171646
51.34388217171646
51.34388217171646
51.34388217171646
51.34388217171646
60.85322655295868
60.89635827762619
88.6040105878369
88.67016770007788
88.67016770007788
88.67016770007788
88.67016770007788
88.67016770007788
88.67016770007788
88.67016770007788
88.67016770007788
94.9596651575067
95.00502498965126
95.00502498965126
95.00502498965126
95.00502498965126
95.00502498965126
95.00502498965126
95.00502498965126
95.00502498965126
97.97663015487144
97.99312623661703
97.99312623661703
97.99312623661703
97.99312623661703
97.99312623661703
97.99312623661703
97.99312623661703
97.99312623661703
97.99312623661703
97.99312623661703
97.99312623661703
97.99312623661703
97.99312623661703
97.99312623661703
97.99312623661703
97.99312623661703
97.99312623661703
99.08202785858461
99.10478086086285
99.10478086086285
99.10478086086285
99.10478086086285
99.10478086086285
99.10478086086285
99.10478086086285
99.10478086086285
99.10478086086285
99.10478086086285
99.10478086086285
99.10478086086285
99.10478086086285
99.10478086086285
99.10478086086285
99.10478086086285
99.10478086086285
99.10478086086285
99.10478086086285
99.10478086086285
99.10478086086285
99.10478086086285
99.10478086086285
99.10478086086285
99.10478086086285
99.10478086086285
99.19400161471654
99.20082249137252
99.20082249137252
99.20082249137252
99.20082249137252
99.20082249137252
99.20082249137252
99.20082249137252
99.20082249137252
99.20082249137252
99.20082249137252
99.20082249137252
99.20082249137252
99.20082249137252
99.20082249137252
99.20082249137252
99.20082249137252
99.20082249137252
99.20082249137252
99.20082249137252
99.20082249137252
99.20082249137252
99.20082249137252
99.20082249137252
99.20082249137252
99.20082249137252
99.20082249137252
99.20082249137252
99.20082249137252
99.20082249137252
99.20082249137252
99.20082249137252
99.20082249137252
99.20082249137252
99.20082249137252
99.20082249137252
99.20082249137252
99.20082249137252
99.20082249137252
99.20082249137252
99.20082249137252
99.20082249137252
99.20082249137252
99.20082249137252
99.20082249137252
99.20082249137252
99.20082249137252
99.20082249137252
99.20082249137252
99.20082249137252
99.20082249137252
99.20082249137252
99.20082249137252
99.20082249137252
99.20082249137252
99.20082249137252
99.20082249137252
99.20082249137252
99.20082249137252
99.20082249137252
99.20082249137252
99.20082249137252
99.65999681172013
100.0
100.0
100.0
100.0
100.0
100.0
100.0
100.0
100.0
100.0
100.0
100.0
100.0
100.0
100.0
100.0
100.0
100.0
100.0
100.0
100.0
100.0
100.0
100.0
100.0
100.0
100.0
100.0
100.0
100.0
100.0
100.0
100.0
100.0
100.0
100.0
100.0
100.0
100.0
100.0
100.0
100.0
100.0
100.0
100.0
100.0
100.0
100.0
100.0
100.0
100.0
100.0
100.0
100.0
100.0
100.0
100.0
100.0
100.0
100.0
100.0
100.0
100.0
100.0
100.0
100.0
100.0
100.0
100.0
100.0
100.0
100.0
100.0
100.0
100.0
100.0
100.0
100.0
100.0
100.0
100.0
100.0
100.0
100.0
100.0
100.0
100.0
100.0
100.0
100.0
100.0
100.0
100.0
100.0
100.0
100.0
100.0
100.0
100.0
100.0
100.0
100.0
100.0
100.0
100.0
100.0
100.0
100.0
100.0
100.0
100.0
100.0
100.0
100.0
100.0
100.0
100.0
100.0
100.0
100.0
100.0
100.0
100.0
100.0
100.0
100.0
100.0
100.0
100.0
100.0
100.0
100.0
100.0

