282.9478
282.9478
282.9478
282.9478
282.9478
282.9478
253.6924
253.6924
205.4938
205.4938
205.4938
205.4938
205.4938
186.5983
186.5983
186.5983
186.5983
186.5983
186.5983
186.5983
186.5983
186.5983
186.5983
186.5983
186.5983
186.5983
186.5983
186.5983
186.5983
186.5983
186.5983
186.5983
186.5983
186.5983
186.5983
133.9347
133.9347
133.9347
133.9347
133.9347
133.9347
133.9347
133.9347
133.9347
133.9347
133.9347
133.9347
133.9347
133.9347
133.9347
133.9347
133.9347
133.9347
133.9347
133.9347
133.9347
133.9347
133.9347
133.9347
133.9347
133.9347
133.9347
133.9347
133.9347
133.9347
133.9347
121.0865
121.0865
121.0865
121.0865
121.0865
121.0865
121.0865
121.0865
121.0865
121.0865
121.0865
121.0865
121.0865
121.0865
121.0865
121.0865
121.0865
121.0865
121.0865
121.0865
121.0865
121.0865
113.1665
113.1665
113.1665
113.1665
113.1665
113.1665
113.1665
113.1665
113.1665
113.1665
113.1665
113.1665
113.1665
113.1665
113.1665
113.1665
113.1665
113.1665
113.1665
113.1665
113.1665
113.1665
113.1665
113.1665
113.1665
113.1665
113.1665
113.1665
113.1665
113.1665
113.1665
113.1665
113.1665
113.1665
113.1665
113.1665
113.1665
113.1665
113.1665
113.1665
113.1665
113.1665
113.1665
113.1665
113.1665
91.5855
91.5855
91.5855
91.5855
91.5855
91.5855
91.5855
91.5855
91.5855
91.5855
91.5855
91.5855
91.5855
91.5855
91.5855
91.5855
91.5855
91.5855
91.5855
91.5855
91.5855
91.5855
91.5855
91.5855
91.5855
91.5855
91.5855
91.5855
91.5855
91.5855
91.5855
91.5855
91.5855
91.5855
91.5855
91.5855
91.5855
91.5855
91.5855
91.5855
91.5855
91.5855
91.5855
91.5855
91.5855
91.5855
91.5855
91.5855
91.5855
91.5855
91.5855
91.5855
91.5855
91.5855
91.5855
91.5855
91.5855
91.5855
91.5855
91.5855
91.5855
91.5855
91.5855
91.5855
91.5855
91.5855
91.5855
91.5855
91.5855
91.5855
91.5855
91.5855
91.5855
91.5855
91.5855
91.5855
91.5855
91.5855
91.5855
91.5855
91.5855
91.5855
91.5855
91.5855
91.5855
91.5855
91.5855
91.5855
91.5855
91.5855
91.5855
91.5855
91.5855
91.5855
91.5855
91.5855
91.5855
91.5855
91.5855
91.5855
91.5855
91.5855
91.5855
91.5855
91.5855
91.5855
91.5855
91.5855
91.5855
91.5855
91.5855
91.5855
91.5855
91.5855
91.5855
91.5855
91.5855
91.5855
91.5855
91.5855
91.5855
91.5855
91.5855
91.5855
91.5855
91.5855
91.5855
91.5855
91.5855
91.5855
91.5855
91.5855
91.5855
91.5855

