51.34388217171646
51.34388217171646
51.34388217171646
51.34388217171646
51.34388217171646
51.34388217171646
60.85322655295868
60.89635827762619
94.89350804526572
94.98458558826381
94.98458558826381
94.98458558826381
94.98458558826381
96.91556393182601
96.93600333321346
96.93600333321346
96.93600333321346
96.93600333321346
96.93600333321346
96.93600333321346
96.93600333321346
96.93600333321346
96.93600333321346
96.93600333321346
96.93600333321346
96.93600333321346
96.93600333321346
96.93600333321346
96.93600333321346
96.93600333321346
96.93600333321346
96.93600333321346
96.93600333321346
96.93600333321346
96.93600333321346
98.87565577128314
98.9051267871528
98.9051267871528
98.9051267871528
98.9051267871528
98.9051267871528
98.9051267871528
98.9051267871528
98.9051267871528
98.9051267871528
98.9051267871528
98.9051267871528
98.9051267871528
98.9051267871528
98.9051267871528
98.9051267871528
98.9051267871528
98.9051267871528
98.9051267871528
98.9051267871528
98.9051267871528
98.9051267871528
98.9051267871528
98.9051267871528
98.9051267871528
98.9051267871528
98.9051267871528
98.9051267871528
98.9051267871528
98.9051267871528
98.9051267871528
99.0950027927087
99.10478086086285
99.10478086086285
99.10478086086285
99.10478086086285
99.10478086086285
99.10478086086285
99.10478086086285
99.10478086086285
99.10478086086285
99.10478086086285
99.10478086086285
99.10478086086285
99.10478086086285
99.10478086086285
99.10478086086285
99.10478086086285
99.10478086086285
99.10478086086285
99.10478086086285
99.10478086086285
99.10478086086285
99.19400161471654
99.20082249137252
99.20082249137252
99.20082249137252
99.20082249137252
99.20082249137252
99.20082249137252
99.20082249137252
99.20082249137252
99.20082249137252
99.20082249137252
99.20082249137252
99.20082249137252
99.20082249137252
99.20082249137252
99.20082249137252
99.20082249137252
99.20082249137252
99.20082249137252
99.20082249137252
99.20082249137252
99.20082249137252
99.20082249137252
99.20082249137252
99.20082249137252
99.20082249137252
99.20082249137252
99.20082249137252
99.20082249137252
99.20082249137252
99.20082249137252
99.20082249137252
99.20082249137252
99.20082249137252
99.20082249137252
99.20082249137252
99.20082249137252
99.20082249137252
99.20082249137252
99.20082249137252
99.20082249137252
99.20082249137252
99.20082249137252
99.20082249137252
99.20082249137252
99.65999681172013
100.0
100.0
100.0
100.0
100.0
100.0
100.0
100.0
100.0
100.0
100.0
100.0
100.0
100.0
100.0
100.0
100.0
100.0
100.0
100.0
100.0
100.0
100.0
100.0
100.0
100.0
100.0
100.0
100.0
100.0
100.0
100.0
100.0
100.0
100.0
100.0
100.0
100.0
100.0
100.0
100.0
100.0
100.0
100.0
100.0
100.0
100.0
100.0
100.0
100.0
100.0
100.0
100.0
100.0
100.0
100.0
100.0
100.0
100.0
100.0
100.0
100.0
100.0
100.0
100.0
100.0
100.0
100.0
100.0
100.0
100.0
100.0
100.0
100.0
100.0
100.0
100.0
100.0
100.0
100.0
100.0
100.0
100.0
100.0
100.0
100.0
100.0
100.0
100.0
100.0
100.0
100.0
100.0
100.0
100.0
100.0
100.0
100.0
100.0
100.0
100.0
100.0
100.0
100.0
100.0
100.0
100.0
100.0
100.0
100.0
100.0
100.0
100.0
100.0
100.0
100.0
100.0
100.0
100.0
100.0
100.0
100.0
100.0
100.0
100.0
100.0
100.0
100.0
100.0
100.0
100.0
100.0
100.0

