287.6136
287.6136
287.6136
287.6136
287.6136
287.6136
256.1026
256.1026
231.621
231.621
231.621
231.621
231.621
231.621
231.621
231.621
231.621
209.9077
209.9077
209.9077
209.9077
209.9077
209.9077
209.9077
209.9077
209.9077
209.9077
209.9077
209.9077
209.9077
209.9077
209.9077
209.9077
172.0693
172.0693
145.3201
145.3201
145.3201
145.3201
145.3201
145.3201
145.3201
145.3201
145.3201
124.0504
124.0504
124.0504
124.0504
124.0504
124.0504
124.0504
124.0504
124.0504
113.1665
113.1665
113.1665
113.1665
113.1665
113.1665
113.1665
113.1665
113.1665
113.1665
113.1665
113.1665
113.1665
113.1665
113.1665
113.1665
113.1665
113.1665
113.1665
113.1665
113.1665
113.1665
113.1665
113.1665
113.1665
113.1665
113.1665
113.1665
113.1665
113.1665
113.1665
113.1665
113.1665
113.1665
113.1665
106.6661
106.6661
106.6661
106.6661
106.6661
106.6661
106.6661
106.6661
106.6661
106.6661
106.6661
106.6661
106.6661
106.6661
106.6661
106.6661
106.6661
106.6661
106.6661
106.6661
106.6661
106.6661
106.6661
106.6661
106.6661
106.6661
106.6661
106.6661
106.6661
106.6661
106.6661
106.6661
106.6661
106.6661
106.6661
106.6661
106.6661
106.6661
106.6661
106.6661
106.6661
106.6661
106.6661
106.6661
106.6661
96.9469
96.9469
96.9469
96.9469
96.9469
96.9469
96.9469
96.9469
96.9469
96.9469
96.9469
96.9469
96.9469
96.9469
96.9469
96.9469
96.9469
96.9469
96.9469
96.9469
96.9469
96.9469
96.9469
96.9469
96.9469
96.9469
96.9469
96.9469
96.9469
96.9469
96.9469
96.9469
96.9469
96.9469
96.9469
96.9469
96.9469
96.9469
96.9469
96.9469
96.9469
96.9469
96.9469
96.9469
96.9469
96.9469
96.9469
96.9469
96.9469
96.9469
96.9469
96.9469
96.9469
96.9469
96.9469
96.9469
96.9469
96.9469
96.9469
96.9469
96.9469
96.9469
96.9469
96.9469
96.9469
96.9469
96.9469
96.9469
96.9469
96.9469
96.9469
96.9469
96.9469
96.9469
96.9469
96.9469
96.9469
96.9469
96.9469
96.9469
96.9469
96.9469
96.9469
96.9469
96.9469
96.9469
96.9469
96.9469
96.9469
96.9469
96.9469
96.9469
96.9469
96.9469
96.9469
96.9469
96.9469
96.9469
96.9469
96.9469
96.9469
96.9469
96.9469
96.9469
96.9469
96.9469
96.9469
96.9469
96.9469
96.9469
96.9469
96.9469
96.9469
96.9469
96.9469
96.9469
96.9469
96.9469
96.9469
96.9469
96.9469
96.9469
96.9469
96.9469
96.9469
96.9469
96.9469
96.9469
96.9469
96.9469
96.9469
96.9469
96.9469
91.5855

