50.856060211540964
50.856060211540964
50.856060211540964
50.856060211540964
50.856060211540964
50.856060211540964
58.8520469930507
58.90353639303028
86.91363883772365
86.99284996987048
86.99284996987048
86.99284996987048
86.99284996987048
86.99284996987048
86.99284996987048
86.99284996987048
86.99284996987048
94.22822406482769
94.28322220034646
94.28322220034646
94.28322220034646
94.28322220034646
94.28322220034646
94.28322220034646
94.28322220034646
94.28322220034646
94.28322220034646
94.28322220034646
94.28322220034646
94.28322220034646
94.28322220034646
94.28322220034646
94.28322220034646
97.751937238765
97.77237664015246
98.64897948107077
98.66547556281634
98.66547556281634
98.66547556281634
98.66547556281634
98.66547556281634
98.66547556281634
98.66547556281634
98.66547556281634
99.04351723317657
99.05649216730066
99.05649216730066
99.05649216730066
99.05649216730066
99.05649216730066
99.05649216730066
99.05649216730066
99.05649216730066
99.18422354656238
99.19400161471654
99.19400161471654
99.19400161471654
99.19400161471654
99.19400161471654
99.19400161471654
99.19400161471654
99.19400161471654
99.19400161471654
99.19400161471654
99.19400161471654
99.19400161471654
99.19400161471654
99.19400161471654
99.19400161471654
99.19400161471654
99.19400161471654
99.19400161471654
99.19400161471654
99.19400161471654
99.19400161471654
99.19400161471654
99.19400161471654
99.19400161471654
99.19400161471654
99.19400161471654
99.19400161471654
99.19400161471654
99.19400161471654
99.19400161471654
99.19400161471654
99.19400161471654
99.19400161471654
99.19400161471654
99.25331471655755
99.26013559321353
99.26013559321353
99.26013559321353
99.26013559321353
99.26013559321353
99.26013559321353
99.26013559321353
99.26013559321353
99.26013559321353
99.26013559321353
99.26013559321353
99.26013559321353
99.26013559321353
99.26013559321353
99.26013559321353
99.26013559321353
99.26013559321353
99.26013559321353
99.26013559321353
99.26013559321353
99.26013559321353
99.26013559321353
99.26013559321353
99.26013559321353
99.26013559321353
99.26013559321353
99.26013559321353
99.26013559321353
99.26013559321353
99.26013559321353
99.26013559321353
99.26013559321353
99.26013559321353
99.26013559321353
99.26013559321353
99.26013559321353
99.26013559321353
99.26013559321353
99.26013559321353
99.26013559321353
99.26013559321353
99.26013559321353
99.26013559321353
99.26013559321353
99.31866397351152
99.32269237720848
99.32269237720848
99.32269237720848
99.32269237720848
99.32269237720848
99.32269237720848
99.32269237720848
99.32269237720848
99.32269237720848
99.32269237720848
99.32269237720848
99.32269237720848
99.32269237720848
99.32269237720848
99.32269237720848
99.32269237720848
99.32269237720848
99.32269237720848
99.32269237720848
99.32269237720848
99.32269237720848
99.32269237720848
99.32269237720848
99.32269237720848
99.32269237720848
99.32269237720848
99.32269237720848
99.32269237720848
99.32269237720848
99.32269237720848
99.32269237720848
99.32269237720848
99.32269237720848
99.32269237720848
99.32269237720848
99.32269237720848
99.32269237720848
99.32269237720848
99.32269237720848
99.32269237720848
99.32269237720848
99.32269237720848
99.32269237720848
99.32269237720848
99.32269237720848
99.32269237720848
99.32269237720848
99.32269237720848
99.32269237720848
99.32269237720848
99.32269237720848
99.32269237720848
99.32269237720848
99.32269237720848
99.32269237720848
99.32269237720848
99.32269237720848
99.32269237720848
99.32269237720848
99.32269237720848
99.32269237720848
99.32269237720848
99.32269237720848
99.32269237720848
99.32269237720848
99.32269237720848
99.32269237720848
99.32269237720848
99.32269237720848
99.32269237720848
99.32269237720848
99.32269237720848
99.32269237720848
99.32269237720848
99.32269237720848
99.32269237720848
99.32269237720848
99.32269237720848
99.32269237720848
99.32269237720848
99.32269237720848
99.32269237720848
99.32269237720848
99.32269237720848
99.32269237720848
99.32269237720848
99.32269237720848
99.32269237720848
99.32269237720848
99.32269237720848
99.32269237720848
99.32269237720848
99.32269237720848
99.32269237720848
99.32269237720848
99.32269237720848
99.32269237720848
99.32269237720848
99.32269237720848
99.32269237720848
99.32269237720848
99.32269237720848
99.32269237720848
99.32269237720848
99.32269237720848
99.32269237720848
99.32269237720848
99.32269237720848
99.32269237720848
99.32269237720848
99.32269237720848
99.32269237720848
99.32269237720848
99.32269237720848
99.32269237720848
99.32269237720848
99.32269237720848
99.32269237720848
99.32269237720848
99.32269237720848
99.32269237720848
99.32269237720848
99.32269237720848
99.32269237720848
99.32269237720848
99.32269237720848
99.32269237720848
99.32269237720848
99.32269237720848
99.32269237720848
99.32269237720848
99.32269237720848
99.66402521541707

