282.9478
282.9478
282.9478
282.9478
282.9478
282.9478
253.6924
253.6924
228.6562
228.6562
228.6562
228.6562
228.6562
228.6562
228.6562
228.6562
228.6562
205.4938
205.4938
205.4938
205.4938
205.4938
205.4938
205.4938
205.4938
205.4938
205.4938
205.4938
205.4938
205.4938
205.4938
205.4938
205.4938
133.9347
133.9347
133.9347
133.9347
133.9347
133.9347
133.9347
133.9347
133.9347
133.9347
133.9347
133.9347
133.9347
133.9347
133.9347
133.9347
133.9347
133.9347
133.9347
133.9347
133.9347
133.9347
133.9347
133.9347
133.9347
133.9347
133.9347
133.9347
133.9347
133.9347
133.9347
133.9347
133.9347
121.0865
121.0865
121.0865
121.0865
121.0865
106.6661
106.6661
106.6661
106.6661
106.6661
106.6661
106.6661
106.6661
106.6661
106.6661
106.6661
106.6661
106.6661
106.6661
106.6661
106.6661
106.6661
106.6661
106.6661
106.6661
106.6661
106.6661
106.6661
106.6661
106.6661
106.6661
106.6661
106.6661
106.6661
106.6661
106.6661
106.6661
106.6661
106.6661
106.6661
106.6661
106.6661
106.6661
106.6661
106.6661
106.6661
106.6661
106.6661
106.6661
106.6661
106.6661
106.6661
106.6661
106.6661
106.6661
106.6661
106.6661
106.6661
106.6661
106.6661
106.6661
106.6661
106.6661
106.6661
106.6661
106.6661
106.6661
96.9469
96.9469
96.9469
96.9469
96.9469
96.9469
96.9469
96.9469
96.9469
96.9469
96.9469
96.9469
96.9469
96.9469
96.9469
96.9469
96.9469
96.9469
96.9469
96.9469
96.9469
96.9469
96.9469
96.9469
96.9469
96.9469
96.9469
96.9469
96.9469
96.9469
96.9469
96.9469
96.9469
96.9469
96.9469
96.9469
96.9469
96.9469
96.9469
96.9469
96.9469
96.9469
96.9469
96.9469
96.9469
96.9469
96.9469
96.9469
96.9469
96.9469
96.9469
96.9469
96.9469
96.9469
96.9469
96.9469
96.9469
96.9469
96.9469
96.9469
96.9469
96.9469
96.9469
96.9469
96.9469
96.9469
96.9469
96.9469
96.9469
96.9469
96.9469
96.9469
96.9469
96.9469
96.9469
96.9469
96.9469
96.9469
96.9469
96.9469
96.9469
96.9469
96.9469
96.9469
96.9469
96.9469
96.9469
96.9469
96.9469
96.9469
96.9469
96.9469
96.9469
96.9469
96.9469
96.9469
96.9469
96.9469
96.9469
96.9469
96.9469
96.9469
96.9469
96.9469
96.9469
96.9469
96.9469
96.9469
96.9469
96.9469
96.9469
96.9469
96.9469
96.9469
96.9469
96.9469
96.9469
96.9469
96.9469
96.9469
96.9469
96.9469
96.9469
96.9469
96.9469
96.9469
96.9469
96.9469
96.9469
96.9469
96.9469
96.9469
96.9469
91.5855

