51.29239277173689
51.29239277173689
51.29239277173689
51.29239277173689
51.29239277173689
51.29239277173689
60.801737152979115
60.85322655295868
88.56087886316939
88.64008999531622
88.64008999531622
88.64008999531622
88.64008999531622
88.64008999531622
88.64008999531622
88.64008999531622
88.64008999531622
94.92958745274504
94.98458558826381
94.98458558826381
94.98458558826381
94.98458558826381
94.98458558826381
94.98458558826381
94.98458558826381
94.98458558826381
94.98458558826381
94.98458558826381
94.98458558826381
94.98458558826381
94.98458558826381
94.98458558826381
94.98458558826381
98.85521636989567
98.89215185302871
98.89215185302871
98.89215185302871
98.89215185302871
98.89215185302871
98.89215185302871
98.89215185302871
98.89215185302871
98.89215185302871
98.89215185302871
98.89215185302871
98.89215185302871
98.89215185302871
98.89215185302871
98.89215185302871
98.89215185302871
98.89215185302871
98.89215185302871
98.89215185302871
98.89215185302871
98.89215185302871
98.89215185302871
98.89215185302871
98.89215185302871
98.89215185302871
98.89215185302871
98.89215185302871
98.89215185302871
98.89215185302871
98.89215185302871
98.89215185302871
98.89215185302871
99.08202785858461
99.0950027927087
99.0950027927087
99.0950027927087
99.0950027927087
99.2435366484034
99.26013559321353
99.26013559321353
99.26013559321353
99.26013559321353
99.26013559321353
99.26013559321353
99.26013559321353
99.26013559321353
99.26013559321353
99.26013559321353
99.26013559321353
99.26013559321353
99.26013559321353
99.26013559321353
99.26013559321353
99.26013559321353
99.26013559321353
99.26013559321353
99.26013559321353
99.26013559321353
99.26013559321353
99.26013559321353
99.26013559321353
99.26013559321353
99.26013559321353
99.26013559321353
99.26013559321353
99.26013559321353
99.26013559321353
99.26013559321353
99.26013559321353
99.26013559321353
99.26013559321353
99.26013559321353
99.26013559321353
99.26013559321353
99.26013559321353
99.26013559321353
99.26013559321353
99.26013559321353
99.26013559321353
99.26013559321353
99.26013559321353
99.26013559321353
99.26013559321353
99.26013559321353
99.26013559321353
99.26013559321353
99.26013559321353
99.26013559321353
99.26013559321353
99.26013559321353
99.26013559321353
99.26013559321353
99.26013559321353
99.26013559321353
99.26013559321353
99.26013559321353
99.26013559321353
99.26013559321353
99.26013559321353
99.31866397351152
99.32269237720848
99.32269237720848
99.32269237720848
99.32269237720848
99.32269237720848
99.32269237720848
99.32269237720848
99.32269237720848
99.32269237720848
99.32269237720848
99.32269237720848
99.32269237720848
99.32269237720848
99.32269237720848
99.32269237720848
99.32269237720848
99.32269237720848
99.32269237720848
99.32269237720848
99.32269237720848
99.32269237720848
99.32269237720848
99.32269237720848
99.32269237720848
99.32269237720848
99.32269237720848
99.32269237720848
99.32269237720848
99.32269237720848
99.32269237720848
99.32269237720848
99.32269237720848
99.32269237720848
99.32269237720848
99.32269237720848
99.32269237720848
99.32269237720848
99.32269237720848
99.32269237720848
99.32269237720848
99.32269237720848
99.32269237720848
99.32269237720848
99.32269237720848
99.32269237720848
99.32269237720848
99.32269237720848
99.32269237720848
99.32269237720848
99.32269237720848
99.32269237720848
99.32269237720848
99.32269237720848
99.32269237720848
99.32269237720848
99.32269237720848
99.32269237720848
99.32269237720848
99.32269237720848
99.32269237720848
99.32269237720848
99.32269237720848
99.32269237720848
99.32269237720848
99.32269237720848
99.32269237720848
99.32269237720848
99.32269237720848
99.32269237720848
99.32269237720848
99.32269237720848
99.32269237720848
99.32269237720848
99.32269237720848
99.32269237720848
99.32269237720848
99.32269237720848
99.32269237720848
99.32269237720848
99.32269237720848
99.32269237720848
99.32269237720848
99.32269237720848
99.32269237720848
99.32269237720848
99.32269237720848
99.32269237720848
99.32269237720848
99.32269237720848
99.32269237720848
99.32269237720848
99.32269237720848
99.32269237720848
99.32269237720848
99.32269237720848
99.32269237720848
99.32269237720848
99.32269237720848
99.32269237720848
99.32269237720848
99.32269237720848
99.32269237720848
99.32269237720848
99.32269237720848
99.32269237720848
99.32269237720848
99.32269237720848
99.32269237720848
99.32269237720848
99.32269237720848
99.32269237720848
99.32269237720848
99.32269237720848
99.32269237720848
99.32269237720848
99.32269237720848
99.32269237720848
99.32269237720848
99.32269237720848
99.32269237720848
99.32269237720848
99.32269237720848
99.32269237720848
99.32269237720848
99.32269237720848
99.32269237720848
99.32269237720848
99.32269237720848
99.32269237720848
99.32269237720848
99.32269237720848
99.32269237720848
99.66402521541707

