300.1
600.1
900.1
1200.1
1500.1
1800.1
2100.1
2400.1
2700.1
3000.1
3300.1
3600.1
3900.1
4200.1
4500.1
4800.1
5100.1
5400.1
5700.1
6000.1
6300.1
6600.1
6900.1
7200.1
7500.1
7800.1
8100.1
8400.1
8700.1
9000.1
9300.1
9600.1
9900.1
10200.1
10500.1
10800.1
11100.1
11400.1
11700.1
12000.1
12300.1
12600.1
12900.1
13200.1
13500.1
13800.1
14100.1
14400.1
14700.1
15000.1
15300.1
15600.1
15900.1
16200.1
16500.1
16800.1
17100.1
17400.1
17700.1
18000.1
18300.1
18600.1
18900.1
19200.1
19500.1
19800.1
20100.1
20400.1
20700.1
21000.1
21300.1
21600.1
21900.1
22200.1
22500.1
22800.1
23100.1
23400.1
23700.1
24000.1
24300.1
24600.1
24900.1
25200.1
25500.1
25800.1
26100.1
26400.1
26700.1
27000.1
27300.1
27600.1
27900.1
28200.1
28500.1
28800.1
29100.1
29400.1
29700.1
30000.1
30300.1
30600.1
30900.1
31200.1
31500.1
31800.1
32100.1
32400.1
32700.1
33000.1
33300.1
33600.1
33900.1
34200.1
34500.1
34800.1
35100.1
35400.1
35700.1
36000.1
36300.1
36600.1
36900.1
37200.1
37500.1
37800.1
38100.1
38400.1
38700.1
39000.1
39300.1
39600.1
39900.1
40200.1
40500.1
40800.1
41100.1
41400.1
41700.1
42000.1
42300.1
42600.1
42900.1
43200.1
43500.1
43800.1
44100.1
44400.1
44700.1
45000.1
45300.1
45600.1
45900.1
46200.1
46500.1
46800.1
47100.1
47400.1
47700.1
48000.1
48300.1
48600.1
48900.1
49200.1
49500.1
49800.1
50100.1
50400.1
50700.1
51000.1
51300.1
51600.1
51900.1
52200.1
52500.1
52800.1
53100.1
53400.1
53700.1
54000.1
54300.1
54600.1
54900.1
55200.1
55500.1
55800.1
56100.1
56400.1
56700.1
57000.1
57300.1
57600.1
57900.1
58200.1
58500.1
58800.1
59100.1
59400.1
59700.1
60000.1
60300.1
60600.1
60900.1
61200.1
61500.1
61800.1
62100.1
62400.1
62700.1
63000.1
63300.1
63600.1
63900.1
64200.1
64500.1
64800.1
65100.1
65400.1
65700.1
66000.1
66300.1
66600.1
66900.1
67200.1
67500.1
67800.1
68100.1
68400.1
68700.1
69000.1
69300.1
69600.1
69900.1
70200.1
70500.1
70800.1
71100.1
71400.1
71700.1
72000.1
72300.1
72600.1
72900.1
73200.1
73500.1
73800.1
74100.1
74400.1
74700.1
75000.1
75300.1
75600.1
75900.1
76200.1
76500.1
76800.1
77100.1
77400.1
77700.1
78000.1
78300.1
78600.1
78900.1
79200.1
79500.1
79800.1
80100.1

